   199.00 1603.41 4955.00
   2100.00 2345.67 2698.00
   1131.00 2001.35 3419.00
   2475.00 3798.42 5758.00
   7753.00 19437.35 29311.00
   2630.00 2775.34 2820.00
   3177.00 3541.32 3818.00
   5369.00 6020.77 6335.00
   9775.34 23515.17 33235.80
   2745.00 2971.91 3125.00
   3488.00 3770.37 4139.00
   5900.00 6850.21 7345.00
   10.00 1213.50 1503.44
   47.57 62.76 79.46
   3247.65 3373.94 3607.07
   4366.77  4548.78  4723.73
   7485.70  8053.83  8763.37
   445.85 1694.50 3016.79
   -114.33 1577.82 3058.14
   -292.62 -180.11 -67.60
   -32.16 9.98 67.36
   -8.96 1.17 8.41
   0.00 0.00 0.00
   0.00 0.00 0.00
   0.00 0.00 0.00
   -334.70 -190.09 -57.35
 -364.42 -163.99 102.89
  -117.13 25.40 210.61
  -13.53 1.54 16.80
 -5.67 -1.04 2.68
  -4.16 -0.48 4.96
  -4.60 1.52 9.26
   -346.94 -197.19 -55.63
   2844.56 3668.57 4299.65
   2838.80 3643.79 4331.50
   7894 7894 140
   1365 1365 140
   23076 23076 2800
   797 797 140
   33133 33133 3220
