   199.00 1603.41 4955.00
   2100.00 2345.67 2698.00
   1131.00 2001.35 3419.00
   2475.00 3798.42 5758.00
   7753.00 19437.35 29311.00
   2630.00 2775.34 2820.00
   3177.00 3541.32 3818.00
   5369.00 6020.77 6335.00
   9775.34 23515.17 33235.80
   2745.00 2971.91 3125.00
   3488.00 3770.37 4139.00
   5900.00 6850.21 7345.00
   10.00 1213.50 1503.44
   47.57 62.76 79.46
   3246.19 3374.06 3610.88
   4314.83 4513.50 4696.82
   7440.64 8027.68 8748.02
   445.85 1694.50 3016.79
   -96.07 1574.74 3136.58
   -292.62 -180.11 -67.60
   -32.16 9.98 67.36
   -8.96 1.17 8.41
   0.00 0.00 0.00
   0.00 0.00 0.00
   0.00 0.00 0.00
   -334.70 -190.09 -57.35
   -370.21 -163.73 109.13
   -122.93 25.67 218.46
   -14.06 1.66 18.93
   -5.82 -1.11 2.77
   -4.49 -0.50 5.33
   -4.71 1.61 9.66
   -346.94 -197.19 -55.63
   2844.56 3655.82 4279.03
   2838.80 3643.79 4331.50
   8485 8485 140
   1490 1490 140
   19453 19453 2800
   945 945 140
   30374 30374 3220
