Lon Lat Tbuf Tinterm Tbottom 0.92 Al_L Fe_L Mg_L Ca_L #Mg_L LAB Al_SL Fe_SL Mg_SL Ca_SL #Mg_SL
deg deg degC degC degC 0.92 wt% wt% wt% wt% 1 km wt% wt% wt% wt% 1
-10.00 -10.00 1230.00 1300.00 1430.00 0.92 0.500 6.000 34.000 0.100 84.937 50.00 0.500 6.000 34.000 0.100 84.937
-9.00 -10.00 1230.00 1300.00 1430.00 0.92 0.500 6.000 34.000 0.100 85.996 50.00 0.500 6.000 34.000 0.100 85.996
-8.00 -10.00 1230.00 1300.00 1430.00 0.92 0.500 6.000 34.000 0.100 86.299 50.00 0.500 6.000 34.000 0.100 86.299
-7.00 -10.00 1230.00 1300.00 1430.00 0.92 0.500 6.000 34.000 0.100 85.448 50.00 0.500 6.000 34.000 0.100 85.448
-6.00 -10.00 1230.00 1300.00 1430.00 0.92 0.500 6.000 34.000 0.100 85.603 50.00 0.500 6.000 34.000 0.100 85.603
-5.00 -10.00 1230.00 1300.00 1430.00 0.92 0.500 6.000 34.000 0.100 86.403 50.00 0.500 6.000 34.000 0.100 86.403
-4.00 -10.00 1230.00 1300.00 1430.00 0.92 0.500 6.000 34.000 0.100 85.886 50.00 0.500 6.000 34.000 0.100 85.886
-3.00 -10.00 1230.00 1300.00 1430.00 0.92 0.500 6.000 34.000 0.100 86.076 50.00 0.500 6.000 34.000 0.100 86.076
-2.00 -10.00 1230.00 1300.00 1430.00 0.92 0.500 6.000 34.000 0.100 86.703 50.00 0.500 6.000 34.000 0.100 86.703
-1.00 -10.00 1230.00 1300.00 1430.00 0.92 0.500 6.000 34.000 0.100 85.812 50.00 0.500 6.000 34.000 0.100 85.812
0.00 -10.00 1230.00 1300.00 1430.00 0.92 0.500 6.000 34.000 0.100 84.783 50.00 0.500 6.000 34.000 0.100 84.783
1.00 -10.00 1230.00 1300.00 1430.00 0.92 0.500 6.000 34.000 0.100 85.062 50.00 0.500 6.000 34.000 0.100 85.062
2.00 -10.00 1230.00 1300.00 1430.00 0.92 0.500 6.000 34.000 0.100 85.699 50.00 0.500 6.000 34.000 0.100 85.699
3.00 -10.00 1230.00 1300.00 1430.00 0.92 0.500 6.000 34.000 0.100 85.501 50.00 0.500 6.000 34.000 0.100 85.501
-10.00 -9.00 1230.00 1300.00 1430.00 0.92 0.500 6.000 34.000 0.100 85.686 50.00 0.500 6.000 34.000 0.100 85.686
-9.00 -9.00 1230.00 1300.00 1430.00 0.92 0.500 6.000 34.000 0.100 86.568 50.00 0.500 6.000 34.000 0.100 86.568
-8.00 -9.00 1230.00 1300.00 1430.00 0.92 0.500 6.000 34.000 0.100 85.740 50.00 0.500 6.000 34.000 0.100 85.740
-7.00 -9.00 1230.00 1300.00 1430.00 0.92 0.500 6.000 34.000 0.100 86.180 50.00 0.500 6.000 34.000 0.100 86.180
-6.00 -9.00 1230.00 1300.00 1430.00 0.92 0.500 6.000 34.000 0.100 86.263 50.00 0.500 6.000 34.000 0.100 86.263
-5.00 -9.00 1230.00 1300.00 1430.00 0.92 0.500 6.000 34.000 0.100 85.944 50.00 0.500 6.000 34.000 0.100 85.944
-4.00 -9.00 1230.00 1300.00 1430.00 0.92 0.500 6.000 34.000 0.100 85.386 50.00 0.500 6.000 34.000 0.100 85.386
-3.00 -9.00 1230.00 1300.00 1430.00 0.92 0.500 6.000 34.000 0.100 85.866 50.00 0.500 6.000 34.000 0.100 85.866
-2.00 -9.00 1230.00 1300.00 1430.00 0.92 0.500 6.000 34.000 0.100 85.680 50.00 0.500 6.000 34.000 0.100 85.680
-1.00 -9.00 1230.00 1300.00 1430.00 0.92 0.500 6.000 34.000 0.100 85.229 50.00 0.500 6.000 34.000 0.100 85.229
0.00 -9.00 1230.00 1300.00 1430.00 0.92 0.500 6.000 34.000 0.100 85.888 50.00 0.500 6.000 34.000 0.100 85.888
1.00 -9.00 1230.00 1300.00 1430.00 0.92 0.500 6.000 34.000 0.100 85.636 50.00 0.500 6.000 34.000 0.100 85.636
2.00 -9.00 1230.00 1300.00 1430.00 0.92 0.500 6.000 34.000 0.100 85.629 50.00 0.500 6.000 34.000 0.100 85.629
3.00 -9.00 1230.00 1300.00 1430.00 0.92 0.500 6.000 34.000 0.100 86.086 50.00 0.500 6.000 34.000 0.100 86.086
-10.00 -8.00 1230.00 1300.00 1430.00 0.92 0.500 6.000 34.000 0.100 84.868 50.00 0.500 6.000 34.000 0.100 84.868
-9.00 -8.00 1230.00 1300.00 1430.00 0.92 0.500 6.000 34.000 0.100 85.433 50.00 0.500 6.000 34.000 0.100 85.433
-8.00 -8.00 1230.00 1300.00 1430.00 0.92 0.500 6.000 34.000 0.100 86.332 50.00 0.500 6.000 34.000 0.100 86.332
-7.00 -8.00 1230.00 1300.00 1430.00 0.92 0.500 6.000 34.000 0.100 86.597 50.00 0.500 6.000 34.000 0.100 86.597
-6.00 -8.00 1230.00 1300.00 1430.00 0.92 0.500 6.000 34.000 0.100 86.017 50.00 0.500 6.000 34.000 0.100 86.017
-5.00 -8.00 1230.00 1300.00 1430.00 0.92 0.500 6.000 34.000 0.100 84.993 50.00 0.500 6.000 34.000 0.100 84.993
-4.00 -8.00 1230.00 1300.00 1430.00 0.92 0.500 6.000 34.000 0.100 85.741 50.00 0.500 6.000 34.000 0.100 85.741
-3.00 -8.00 1230.00 1300.00 1430.00 0.92 0.500 6.000 34.000 0.100 85.922 50.00 0.500 6.000 34.000 0.100 85.922
-2.00 -8.00 1230.00 1300.00 1430.00 0.92 0.500 6.000 34.000 0.100 86.187 50.00 0.500 6.000 34.000 0.100 86.187
-1.00 -8.00 1230.00 1300.00 1430.00 0.92 0.500 6.000 34.000 0.100 85.431 50.00 0.500 6.000 34.000 0.100 85.431
0.00 -8.00 1230.00 1300.00 1430.00 0.92 0.500 6.000 34.000 0.100 84.970 50.00 0.500 6.000 34.000 0.100 84.970
1.00 -8.00 1230.00 1300.00 1430.00 0.92 0.500 6.000 34.000 0.100 86.123 50.00 0.500 6.000 34.000 0.100 86.123
2.00 -8.00 1230.00 1300.00 1430.00 0.92 0.500 6.000 34.000 0.100 86.360 50.00 0.500 6.000 34.000 0.100 86.360
3.00 -8.00 1230.00 1300.00 1430.00 0.92 0.500 6.000 34.000 0.100 85.407 50.00 0.500 6.000 34.000 0.100 85.407
-10.00 -7.00 1230.00 1300.00 1430.00 0.92 0.500 6.000 34.000 0.100 85.586 50.00 0.500 6.000 34.000 0.100 85.586
-9.00 -7.00 1230.00 1300.00 1430.00 0.92 0.500 6.000 34.000 0.100 85.010 50.00 0.500 6.000 34.000 0.100 85.010
-8.00 -7.00 1230.00 1300.00 1430.00 0.92 0.500 6.000 34.000 0.100 85.718 50.00 0.500 6.000 34.000 0.100 85.718
-7.00 -7.00 1230.00 1300.00 1430.00 0.92 0.500 6.000 34.000 0.100 86.286 50.00 0.500 6.000 34.000 0.100 86.286
-6.00 -7.00 1230.00 1300.00 1430.00 0.92 0.500 6.000 34.000 0.100 85.996 50.00 0.500 6.000 34.000 0.100 85.996
-5.00 -7.00 1230.00 1300.00 1430.00 0.92 0.500 6.000 34.000 0.100 85.240 50.00 0.500 6.000 34.000 0.100 85.240
-4.00 -7.00 1230.00 1300.00 1430.00 0.92 0.500 6.000 34.000 0.100 86.625 50.00 0.500 6.000 34.000 0.100 86.625
-3.00 -7.00 1230.00 1300.00 1430.00 0.92 0.500 6.000 34.000 0.100 86.665 50.00 0.500 6.000 34.000 0.100 86.665
-2.00 -7.00 1230.00 1300.00 1430.00 0.92 0.500 6.000 34.000 0.100 86.189 50.00 0.500 6.000 34.000 0.100 86.189
-1.00 -7.00 1230.00 1300.00 1430.00 0.92 0.500 6.000 34.000 0.100 86.025 50.00 0.500 6.000 34.000 0.100 86.025
0.00 -7.00 1230.00 1300.00 1430.00 0.92 0.500 6.000 34.000 0.100 85.168 50.00 0.500 6.000 34.000 0.100 85.168
1.00 -7.00 1230.00 1300.00 1430.00 0.92 0.500 6.000 34.000 0.100 85.648 50.00 0.500 6.000 34.000 0.100 85.648
2.00 -7.00 1230.00 1300.00 1430.00 0.92 0.500 6.000 34.000 0.100 85.954 50.00 0.500 6.000 34.000 0.100 85.954
3.00 -7.00 1230.00 1300.00 1430.00 0.92 0.500 6.000 34.000 0.100 85.455 50.00 0.500 6.000 34.000 0.100 85.455
-10.00 -6.00 1230.00 1300.00 1430.00 0.92 0.500 6.000 34.000 0.100 85.376 50.00 0.500 6.000 34.000 0.100 85.376
-9.00 -6.00 1230.00 1300.00 1430.00 0.92 0.500 6.000 34.000 0.100 85.009 50.00 0.500 6.000 34.000 0.100 85.009
-8.00 -6.00 1230.00 1300.00 1430.00 0.92 0.500 6.000 34.000 0.100 85.621 50.00 0.500 6.000 34.000 0.100 85.621
-7.00 -6.00 1230.00 1300.00 1430.00 0.92 0.500 6.000 34.000 0.100 86.212 50.00 0.500 6.000 34.000 0.100 86.212
-6.00 -6.00 1230.00 1300.00 1430.00 0.92 0.500 6.000 34.000 0.100 86.187 50.00 0.500 6.000 34.000 0.100 86.187
-5.00 -6.00 1230.00 1300.00 1430.00 0.92 0.500 6.000 34.000 0.100 85.368 50.00 0.500 6.000 34.000 0.100 85.368
-4.00 -6.00 1230.00 1300.00 1430.00 0.92 0.500 6.000 34.000 0.100 86.612 50.00 0.500 6.000 34.000 0.100 86.612
-3.00 -6.00 1230.00 1300.00 1430.00 0.92 0.500 6.000 34.000 0.100 87.424 50.00 0.500 6.000 34.000 0.100 87.424
-2.00 -6.00 1230.00 1300.00 1430.00 0.92 0.500 6.000 34.000 0.100 86.980 50.00 0.500 6.000 34.000 0.100 86.980
-1.00 -6.00 1230.00 1300.00 1430.00 0.92 0.500 6.000 34.000 0.100 86.739 50.00 0.500 6.000 34.000 0.100 86.739
0.00 -6.00 1230.00 1300.00 1430.00 0.92 0.500 6.000 34.000 0.100 85.798 50.00 0.500 6.000 34.000 0.100 85.798
1.00 -6.00 1230.00 1300.00 1430.00 0.92 0.500 6.000 34.000 0.100 85.728 50.00 0.500 6.000 34.000 0.100 85.728
2.00 -6.00 1230.00 1300.00 1430.00 0.92 0.500 6.000 34.000 0.100 86.081 50.00 0.500 6.000 34.000 0.100 86.081
3.00 -6.00 1230.00 1300.00 1430.00 0.92 0.500 6.000 34.000 0.100 85.481 50.00 0.500 6.000 34.000 0.100 85.481
-10.00 -5.00 1230.00 1300.00 1430.00 0.92 0.500 6.000 34.000 0.100 85.994 50.00 0.500 6.000 34.000 0.100 85.994
-9.00 -5.00 1230.00 1300.00 1430.00 0.92 0.500 6.000 34.000 0.100 86.514 50.00 0.500 6.000 34.000 0.100 86.514
-8.00 -5.00 1230.00 1300.00 1430.00 0.92 0.500 6.000 34.000 0.100 87.252 50.00 0.500 6.000 34.000 0.100 87.252
-7.00 -5.00 1230.00 1300.00 1430.00 0.92 0.500 6.000 34.000 0.100 86.965 50.00 0.500 6.000 34.000 0.100 86.965
-6.00 -5.00 1230.00 1300.00 1430.00 0.92 0.500 6.000 34.000 0.100 86.209 50.00 0.500 6.000 34.000 0.100 86.209
-5.00 -5.00 1230.00 1300.00 1430.00 0.92 0.500 6.000 34.000 0.100 85.553 50.00 0.500 6.000 34.000 0.100 85.553
-4.00 -5.00 1230.00 1300.00 1430.00 0.92 0.500 6.000 34.000 0.100 86.666 50.00 0.500 6.000 34.000 0.100 86.666
-3.00 -5.00 1230.00 1300.00 1430.00 0.92 0.500 6.000 34.000 0.100 86.195 50.00 0.500 6.000 34.000 0.100 86.195
-2.00 -5.00 1230.00 1300.00 1430.00 0.92 0.500 6.000 34.000 0.100 86.380 50.00 0.500 6.000 34.000 0.100 86.380
-1.00 -5.00 1230.00 1300.00 1430.00 0.92 0.500 6.000 34.000 0.100 86.964 50.00 0.500 6.000 34.000 0.100 86.964
0.00 -5.00 1230.00 1300.00 1430.00 0.92 0.500 6.000 34.000 0.100 86.702 50.00 0.500 6.000 34.000 0.100 86.702
1.00 -5.00 1230.00 1300.00 1430.00 0.92 0.500 6.000 34.000 0.100 84.968 50.00 0.500 6.000 34.000 0.100 84.968
2.00 -5.00 1230.00 1300.00 1430.00 0.92 0.500 6.000 34.000 0.100 85.411 50.00 0.500 6.000 34.000 0.100 85.411
3.00 -5.00 1230.00 1300.00 1430.00 0.92 0.500 6.000 34.000 0.100 85.840 50.00 0.500 6.000 34.000 0.100 85.840
-10.00 -4.00 1230.00 1300.00 1430.00 0.92 0.500 6.000 34.000 0.100 85.388 50.00 0.500 6.000 34.000 0.100 85.388
-9.00 -4.00 1230.00 1300.00 1430.00 0.92 0.500 6.000 34.000 0.100 85.792 50.00 0.500 6.000 34.000 0.100 85.792
-8.00 -4.00 1230.00 1300.00 1430.00 0.92 0.500 6.000 34.000 0.100 86.889 50.00 0.500 6.000 34.000 0.100 86.889
-7.00 -4.00 1230.00 1300.00 1430.00 0.92 0.500 6.000 34.000 0.100 85.618 50.00 0.500 6.000 34.000 0.100 85.618
-6.00 -4.00 1230.00 1300.00 1430.00 0.92 0.500 6.000 34.000 0.100 85.560 50.00 0.500 6.000 34.000 0.100 85.560
-5.00 -4.00 1230.00 1300.00 1430.00 0.92 0.500 6.000 34.000 0.100 86.168 50.00 0.500 6.000 34.000 0.100 86.168
-4.00 -4.00 1230.00 1300.00 1430.00 0.92 0.500 6.000 34.000 0.100 85.782 50.00 0.500 6.000 34.000 0.100 85.782
-3.00 -4.00 1230.00 1300.00 1430.00 0.92 0.500 6.000 34.000 0.100 85.482 50.00 0.500 6.000 34.000 0.100 85.482
-2.00 -4.00 1230.00 1300.00 1430.00 0.92 0.500 6.000 34.000 0.100 85.610 50.00 0.500 6.000 34.000 0.100 85.610
-1.00 -4.00 1230.00 1300.00 1430.00 0.92 0.500 6.000 34.000 0.100 85.695 50.00 0.500 6.000 34.000 0.100 85.695
0.00 -4.00 1230.00 1300.00 1430.00 0.92 0.500 6.000 34.000 0.100 86.275 50.00 0.500 6.000 34.000 0.100 86.275
1.00 -4.00 1230.00 1300.00 1430.00 0.92 0.500 6.000 34.000 0.100 85.782 50.00 0.500 6.000 34.000 0.100 85.782
2.00 -4.00 1230.00 1300.00 1430.00 0.92 0.500 6.000 34.000 0.100 85.098 50.00 0.500 6.000 34.000 0.100 85.098
3.00 -4.00 1230.00 1300.00 1430.00 0.92 0.500 6.000 34.000 0.100 86.312 50.00 0.500 6.000 34.000 0.100 86.312
-10.00 -3.00 1230.00 1300.00 1430.00 0.92 0.500 6.000 34.000 0.100 85.299 50.00 0.500 6.000 34.000 0.100 85.299
-9.00 -3.00 1230.00 1300.00 1430.00 0.92 0.500 6.000 34.000 0.100 85.046 50.00 0.500 6.000 34.000 0.100 85.046
-8.00 -3.00 1230.00 1300.00 1430.00 0.92 0.500 6.000 34.000 0.100 85.763 50.00 0.500 6.000 34.000 0.100 85.763
-7.00 -3.00 1230.00 1300.00 1430.00 0.92 0.500 6.000 34.000 0.100 86.529 50.00 0.500 6.000 34.000 0.100 86.529
-6.00 -3.00 1230.00 1300.00 1430.00 0.92 0.500 6.000 34.000 0.100 85.953 50.00 0.500 6.000 34.000 0.100 85.953
-5.00 -3.00 1230.00 1300.00 1430.00 0.92 0.500 6.000 34.000 0.100 86.615 50.00 0.500 6.000 34.000 0.100 86.615
-4.00 -3.00 1230.00 1300.00 1430.00 0.92 0.500 6.000 34.000 0.100 86.424 50.00 0.500 6.000 34.000 0.100 86.424
-3.00 -3.00 1230.00 1300.00 1430.00 0.92 0.500 6.000 34.000 0.100 86.072 50.00 0.500 6.000 34.000 0.100 86.072
-2.00 -3.00 1230.00 1300.00 1430.00 0.92 0.500 6.000 34.000 0.100 85.427 50.00 0.500 6.000 34.000 0.100 85.427
-1.00 -3.00 1230.00 1300.00 1430.00 0.92 0.500 6.000 34.000 0.100 86.598 50.00 0.500 6.000 34.000 0.100 86.598
0.00 -3.00 1230.00 1300.00 1430.00 0.92 0.500 6.000 34.000 0.100 86.633 50.00 0.500 6.000 34.000 0.100 86.633
1.00 -3.00 1230.00 1300.00 1430.00 0.92 0.500 6.000 34.000 0.100 85.835 50.00 0.500 6.000 34.000 0.100 85.835
2.00 -3.00 1230.00 1300.00 1430.00 0.92 0.500 6.000 34.000 0.100 85.473 50.00 0.500 6.000 34.000 0.100 85.473
3.00 -3.00 1230.00 1300.00 1430.00 0.92 0.500 6.000 34.000 0.100 84.842 50.00 0.500 6.000 34.000 0.100 84.842
-10.00 -2.00 1230.00 1300.00 1430.00 0.92 0.500 6.000 34.000 0.100 85.587 50.00 0.500 6.000 34.000 0.100 85.587
-9.00 -2.00 1230.00 1300.00 1430.00 0.92 0.500 6.000 34.000 0.100 86.168 50.00 0.500 6.000 34.000 0.100 86.168
-8.00 -2.00 1230.00 1300.00 1430.00 0.92 0.500 6.000 34.000 0.100 85.528 50.00 0.500 6.000 34.000 0.100 85.528
-7.00 -2.00 1230.00 1300.00 1430.00 0.92 0.500 6.000 34.000 0.100 86.302 50.00 0.500 6.000 34.000 0.100 86.302
-6.00 -2.00 1230.00 1300.00 1430.00 0.92 0.500 6.000 34.000 0.100 85.912 50.00 0.500 6.000 34.000 0.100 85.912
-5.00 -2.00 1230.00 1300.00 1430.00 0.92 0.500 6.000 34.000 0.100 85.426 50.00 0.500 6.000 34.000 0.100 85.426
-4.00 -2.00 1230.00 1300.00 1430.00 0.92 0.500 6.000 34.000 0.100 85.877 50.00 0.500 6.000 34.000 0.100 85.877
-3.00 -2.00 1230.00 1300.00 1430.00 0.92 0.500 6.000 34.000 0.100 86.124 50.00 0.500 6.000 34.000 0.100 86.124
-2.00 -2.00 1230.00 1300.00 1430.00 0.92 0.500 6.000 34.000 0.100 86.661 50.00 0.500 6.000 34.000 0.100 86.661
-1.00 -2.00 1230.00 1300.00 1430.00 0.92 0.500 6.000 34.000 0.100 85.716 50.00 0.500 6.000 34.000 0.100 85.716
0.00 -2.00 1230.00 1300.00 1430.00 0.92 0.500 6.000 34.000 0.100 86.105 50.00 0.500 6.000 34.000 0.100 86.105
1.00 -2.00 1230.00 1300.00 1430.00 0.92 0.500 6.000 34.000 0.100 85.639 50.00 0.500 6.000 34.000 0.100 85.639
2.00 -2.00 1230.00 1300.00 1430.00 0.92 0.500 6.000 34.000 0.100 85.511 50.00 0.500 6.000 34.000 0.100 85.511
3.00 -2.00 1230.00 1300.00 1430.00 0.92 0.500 6.000 34.000 0.100 84.777 50.00 0.500 6.000 34.000 0.100 84.777
-10.00 -1.00 1230.00 1300.00 1430.00 0.92 0.500 6.000 34.000 0.100 87.082 50.00 0.500 6.000 34.000 0.100 87.082
-9.00 -1.00 1230.00 1300.00 1430.00 0.92 0.500 6.000 34.000 0.100 86.648 50.00 0.500 6.000 34.000 0.100 86.648
-8.00 -1.00 1230.00 1300.00 1430.00 0.92 0.500 6.000 34.000 0.100 86.203 50.00 0.500 6.000 34.000 0.100 86.203
-7.00 -1.00 1230.00 1300.00 1430.00 0.92 0.500 6.000 34.000 0.100 86.031 50.00 0.500 6.000 34.000 0.100 86.031
-6.00 -1.00 1230.00 1300.00 1430.00 0.92 0.500 6.000 34.000 0.100 85.914 50.00 0.500 6.000 34.000 0.100 85.914
-5.00 -1.00 1230.00 1300.00 1430.00 0.92 0.500 6.000 34.000 0.100 85.907 50.00 0.500 6.000 34.000 0.100 85.907
-4.00 -1.00 1230.00 1300.00 1430.00 0.92 0.500 6.000 34.000 0.100 85.804 50.00 0.500 6.000 34.000 0.100 85.804
-3.00 -1.00 1230.00 1300.00 1430.00 0.92 0.500 6.000 34.000 0.100 85.868 50.00 0.500 6.000 34.000 0.100 85.868
-2.00 -1.00 1230.00 1300.00 1430.00 0.92 0.500 6.000 34.000 0.100 86.570 50.00 0.500 6.000 34.000 0.100 86.570
-1.00 -1.00 1230.00 1300.00 1430.00 0.92 0.500 6.000 34.000 0.100 85.921 50.00 0.500 6.000 34.000 0.100 85.921
0.00 -1.00 1230.00 1300.00 1430.00 0.92 0.500 6.000 34.000 0.100 85.942 50.00 0.500 6.000 34.000 0.100 85.942
1.00 -1.00 1230.00 1300.00 1430.00 0.92 0.500 6.000 34.000 0.100 86.095 50.00 0.500 6.000 34.000 0.100 86.095
2.00 -1.00 1230.00 1300.00 1430.00 0.92 0.500 6.000 34.000 0.100 85.343 50.00 0.500 6.000 34.000 0.100 85.343
3.00 -1.00 1230.00 1300.00 1430.00 0.92 0.500 6.000 34.000 0.100 86.101 50.00 0.500 6.000 34.000 0.100 86.101
