Lon Lat Tbuf Tinterm Tbottom 1 Al_L Fe_L Mg_L Ca_L #Mg_L LAB Al_SL Fe_SL Mg_SL Ca_SL #Mg_SL
deg deg degC degC degC 1 wt% wt% wt% wt% 1 km wt% wt% wt% wt% 1
-10.00 -10.00 1500.00 1570.00 1650.00 1 4.400 9.200 55.000 5.500 92.937 300.00 4.400 9.200 55.000 5.500 92.937
-9.00 -10.00 1500.00 1570.00 1650.00 1 4.400 9.200 55.000 5.500 93.996 300.00 4.400 9.200 55.000 5.500 93.996
-8.00 -10.00 1500.00 1570.00 1650.00 1 4.400 9.200 55.000 5.500 94.299 300.00 4.400 9.200 55.000 5.500 94.299
-7.00 -10.00 1500.00 1570.00 1650.00 1 4.400 9.200 55.000 5.500 93.448 300.00 4.400 9.200 55.000 5.500 93.448
-6.00 -10.00 1500.00 1570.00 1650.00 1 4.400 9.200 55.000 5.500 93.603 300.00 4.400 9.200 55.000 5.500 93.603
-5.00 -10.00 1500.00 1570.00 1650.00 1 4.400 9.200 55.000 5.500 94.403 300.00 4.400 9.200 55.000 5.500 94.403
-4.00 -10.00 1500.00 1570.00 1650.00 1 4.400 9.200 55.000 5.500 93.886 300.00 4.400 9.200 55.000 5.500 93.886
-3.00 -10.00 1500.00 1570.00 1650.00 1 4.400 9.200 55.000 5.500 94.076 300.00 4.400 9.200 55.000 5.500 94.076
-2.00 -10.00 1500.00 1570.00 1650.00 1 4.400 9.200 55.000 5.500 94.703 300.00 4.400 9.200 55.000 5.500 94.703
-1.00 -10.00 1500.00 1570.00 1650.00 1 4.400 9.200 55.000 5.500 93.812 300.00 4.400 9.200 55.000 5.500 93.812
0.00 -10.00 1500.00 1570.00 1650.00 1 4.400 9.200 55.000 5.500 92.783 300.00 4.400 9.200 55.000 5.500 92.783
1.00 -10.00 1500.00 1570.00 1650.00 1 4.400 9.200 55.000 5.500 93.062 300.00 4.400 9.200 55.000 5.500 93.062
2.00 -10.00 1500.00 1570.00 1650.00 1 4.400 9.200 55.000 5.500 93.699 300.00 4.400 9.200 55.000 5.500 93.699
3.00 -10.00 1500.00 1570.00 1650.00 1 4.400 9.200 55.000 5.500 93.501 300.00 4.400 9.200 55.000 5.500 93.501
-10.00 -9.00 1500.00 1570.00 1650.00 1 4.400 9.200 55.000 5.500 93.686 300.00 4.400 9.200 55.000 5.500 93.686
-9.00 -9.00 1500.00 1570.00 1650.00 1 4.400 9.200 55.000 5.500 94.568 300.00 4.400 9.200 55.000 5.500 94.568
-8.00 -9.00 1500.00 1570.00 1650.00 1 4.400 9.200 55.000 5.500 93.740 300.00 4.400 9.200 55.000 5.500 93.740
-7.00 -9.00 1500.00 1570.00 1650.00 1 4.400 9.200 55.000 5.500 94.180 300.00 4.400 9.200 55.000 5.500 94.180
-6.00 -9.00 1500.00 1570.00 1650.00 1 4.400 9.200 55.000 5.500 94.263 300.00 4.400 9.200 55.000 5.500 94.263
-5.00 -9.00 1500.00 1570.00 1650.00 1 4.400 9.200 55.000 5.500 93.944 300.00 4.400 9.200 55.000 5.500 93.944
-4.00 -9.00 1500.00 1570.00 1650.00 1 4.400 9.200 55.000 5.500 93.386 300.00 4.400 9.200 55.000 5.500 93.386
-3.00 -9.00 1500.00 1570.00 1650.00 1 4.400 9.200 55.000 5.500 93.866 300.00 4.400 9.200 55.000 5.500 93.866
-2.00 -9.00 1500.00 1570.00 1650.00 1 4.400 9.200 55.000 5.500 93.680 300.00 4.400 9.200 55.000 5.500 93.680
-1.00 -9.00 1500.00 1570.00 1650.00 1 4.400 9.200 55.000 5.500 93.229 300.00 4.400 9.200 55.000 5.500 93.229
0.00 -9.00 1500.00 1570.00 1650.00 1 4.400 9.200 55.000 5.500 93.888 300.00 4.400 9.200 55.000 5.500 93.888
1.00 -9.00 1500.00 1570.00 1650.00 1 4.400 9.200 55.000 5.500 93.636 300.00 4.400 9.200 55.000 5.500 93.636
2.00 -9.00 1500.00 1570.00 1650.00 1 4.400 9.200 55.000 5.500 93.629 300.00 4.400 9.200 55.000 5.500 93.629
3.00 -9.00 1500.00 1570.00 1650.00 1 4.400 9.200 55.000 5.500 94.086 300.00 4.400 9.200 55.000 5.500 94.086
-10.00 -8.00 1500.00 1570.00 1650.00 1 4.400 9.200 55.000 5.500 92.868 300.00 4.400 9.200 55.000 5.500 92.868
-9.00 -8.00 1500.00 1570.00 1650.00 1 4.400 9.200 55.000 5.500 93.433 300.00 4.400 9.200 55.000 5.500 93.433
-8.00 -8.00 1500.00 1570.00 1650.00 1 4.400 9.200 55.000 5.500 94.332 300.00 4.400 9.200 55.000 5.500 94.332
-7.00 -8.00 1500.00 1570.00 1650.00 1 4.400 9.200 55.000 5.500 94.597 300.00 4.400 9.200 55.000 5.500 94.597
-6.00 -8.00 1500.00 1570.00 1650.00 1 4.400 9.200 55.000 5.500 94.017 300.00 4.400 9.200 55.000 5.500 94.017
-5.00 -8.00 1500.00 1570.00 1650.00 1 4.400 9.200 55.000 5.500 92.993 300.00 4.400 9.200 55.000 5.500 92.993
-4.00 -8.00 1500.00 1570.00 1650.00 1 4.400 9.200 55.000 5.500 93.741 300.00 4.400 9.200 55.000 5.500 93.741
-3.00 -8.00 1500.00 1570.00 1650.00 1 4.400 9.200 55.000 5.500 93.922 300.00 4.400 9.200 55.000 5.500 93.922
-2.00 -8.00 1500.00 1570.00 1650.00 1 4.400 9.200 55.000 5.500 94.187 300.00 4.400 9.200 55.000 5.500 94.187
-1.00 -8.00 1500.00 1570.00 1650.00 1 4.400 9.200 55.000 5.500 93.431 300.00 4.400 9.200 55.000 5.500 93.431
0.00 -8.00 1500.00 1570.00 1650.00 1 4.400 9.200 55.000 5.500 92.970 300.00 4.400 9.200 55.000 5.500 92.970
1.00 -8.00 1500.00 1570.00 1650.00 1 4.400 9.200 55.000 5.500 94.123 300.00 4.400 9.200 55.000 5.500 94.123
2.00 -8.00 1500.00 1570.00 1650.00 1 4.400 9.200 55.000 5.500 94.360 300.00 4.400 9.200 55.000 5.500 94.360
3.00 -8.00 1500.00 1570.00 1650.00 1 4.400 9.200 55.000 5.500 93.407 300.00 4.400 9.200 55.000 5.500 93.407
-10.00 -7.00 1500.00 1570.00 1650.00 1 4.400 9.200 55.000 5.500 93.586 300.00 4.400 9.200 55.000 5.500 93.586
-9.00 -7.00 1500.00 1570.00 1650.00 1 4.400 9.200 55.000 5.500 93.010 300.00 4.400 9.200 55.000 5.500 93.010
-8.00 -7.00 1500.00 1570.00 1650.00 1 4.400 9.200 55.000 5.500 93.718 300.00 4.400 9.200 55.000 5.500 93.718
-7.00 -7.00 1500.00 1570.00 1650.00 1 4.400 9.200 55.000 5.500 94.286 300.00 4.400 9.200 55.000 5.500 94.286
-6.00 -7.00 1500.00 1570.00 1650.00 1 4.400 9.200 55.000 5.500 93.996 300.00 4.400 9.200 55.000 5.500 93.996
-5.00 -7.00 1500.00 1570.00 1650.00 1 4.400 9.200 55.000 5.500 93.240 300.00 4.400 9.200 55.000 5.500 93.240
-4.00 -7.00 1500.00 1570.00 1650.00 1 4.400 9.200 55.000 5.500 94.625 300.00 4.400 9.200 55.000 5.500 94.625
-3.00 -7.00 1500.00 1570.00 1650.00 1 4.400 9.200 55.000 5.500 94.665 300.00 4.400 9.200 55.000 5.500 94.665
-2.00 -7.00 1500.00 1570.00 1650.00 1 4.400 9.200 55.000 5.500 94.189 300.00 4.400 9.200 55.000 5.500 94.189
-1.00 -7.00 1500.00 1570.00 1650.00 1 4.400 9.200 55.000 5.500 94.025 300.00 4.400 9.200 55.000 5.500 94.025
0.00 -7.00 1500.00 1570.00 1650.00 1 4.400 9.200 55.000 5.500 93.168 300.00 4.400 9.200 55.000 5.500 93.168
1.00 -7.00 1500.00 1570.00 1650.00 1 4.400 9.200 55.000 5.500 93.648 300.00 4.400 9.200 55.000 5.500 93.648
2.00 -7.00 1500.00 1570.00 1650.00 1 4.400 9.200 55.000 5.500 93.954 300.00 4.400 9.200 55.000 5.500 93.954
3.00 -7.00 1500.00 1570.00 1650.00 1 4.400 9.200 55.000 5.500 93.455 300.00 4.400 9.200 55.000 5.500 93.455
-10.00 -6.00 1500.00 1570.00 1650.00 1 4.400 9.200 55.000 5.500 93.376 300.00 4.400 9.200 55.000 5.500 93.376
-9.00 -6.00 1500.00 1570.00 1650.00 1 4.400 9.200 55.000 5.500 93.009 300.00 4.400 9.200 55.000 5.500 93.009
-8.00 -6.00 1500.00 1570.00 1650.00 1 4.400 9.200 55.000 5.500 93.621 300.00 4.400 9.200 55.000 5.500 93.621
-7.00 -6.00 1500.00 1570.00 1650.00 1 4.400 9.200 55.000 5.500 94.212 300.00 4.400 9.200 55.000 5.500 94.212
-6.00 -6.00 1500.00 1570.00 1650.00 1 4.400 9.200 55.000 5.500 94.187 300.00 4.400 9.200 55.000 5.500 94.187
-5.00 -6.00 1500.00 1570.00 1650.00 1 4.400 9.200 55.000 5.500 93.368 300.00 4.400 9.200 55.000 5.500 93.368
-4.00 -6.00 1500.00 1570.00 1650.00 1 4.400 9.200 55.000 5.500 94.612 300.00 4.400 9.200 55.000 5.500 94.612
-3.00 -6.00 1500.00 1570.00 1650.00 1 4.400 9.200 55.000 5.500 95.424 300.00 4.400 9.200 55.000 5.500 95.424
-2.00 -6.00 1500.00 1570.00 1650.00 1 4.400 9.200 55.000 5.500 94.980 300.00 4.400 9.200 55.000 5.500 94.980
-1.00 -6.00 1500.00 1570.00 1650.00 1 4.400 9.200 55.000 5.500 94.739 300.00 4.400 9.200 55.000 5.500 94.739
0.00 -6.00 1500.00 1570.00 1650.00 1 4.400 9.200 55.000 5.500 93.798 300.00 4.400 9.200 55.000 5.500 93.798
1.00 -6.00 1500.00 1570.00 1650.00 1 4.400 9.200 55.000 5.500 93.728 300.00 4.400 9.200 55.000 5.500 93.728
2.00 -6.00 1500.00 1570.00 1650.00 1 4.400 9.200 55.000 5.500 94.081 300.00 4.400 9.200 55.000 5.500 94.081
3.00 -6.00 1500.00 1570.00 1650.00 1 4.400 9.200 55.000 5.500 93.481 300.00 4.400 9.200 55.000 5.500 93.481
-10.00 -5.00 1500.00 1570.00 1650.00 1 4.400 9.200 55.000 5.500 93.994 300.00 4.400 9.200 55.000 5.500 93.994
-9.00 -5.00 1500.00 1570.00 1650.00 1 4.400 9.200 55.000 5.500 94.514 300.00 4.400 9.200 55.000 5.500 94.514
-8.00 -5.00 1500.00 1570.00 1650.00 1 4.400 9.200 55.000 5.500 95.252 300.00 4.400 9.200 55.000 5.500 95.252
-7.00 -5.00 1500.00 1570.00 1650.00 1 4.400 9.200 55.000 5.500 94.965 300.00 4.400 9.200 55.000 5.500 94.965
-6.00 -5.00 1500.00 1570.00 1650.00 1 4.400 9.200 55.000 5.500 94.209 300.00 4.400 9.200 55.000 5.500 94.209
-5.00 -5.00 1500.00 1570.00 1650.00 1 4.400 9.200 55.000 5.500 93.553 300.00 4.400 9.200 55.000 5.500 93.553
-4.00 -5.00 1500.00 1570.00 1650.00 1 4.400 9.200 55.000 5.500 94.666 300.00 4.400 9.200 55.000 5.500 94.666
-3.00 -5.00 1500.00 1570.00 1650.00 1 4.400 9.200 55.000 5.500 94.195 300.00 4.400 9.200 55.000 5.500 94.195
-2.00 -5.00 1500.00 1570.00 1650.00 1 4.400 9.200 55.000 5.500 94.380 300.00 4.400 9.200 55.000 5.500 94.380
-1.00 -5.00 1500.00 1570.00 1650.00 1 4.400 9.200 55.000 5.500 94.964 300.00 4.400 9.200 55.000 5.500 94.964
0.00 -5.00 1500.00 1570.00 1650.00 1 4.400 9.200 55.000 5.500 94.702 300.00 4.400 9.200 55.000 5.500 94.702
1.00 -5.00 1500.00 1570.00 1650.00 1 4.400 9.200 55.000 5.500 92.968 300.00 4.400 9.200 55.000 5.500 92.968
2.00 -5.00 1500.00 1570.00 1650.00 1 4.400 9.200 55.000 5.500 93.411 300.00 4.400 9.200 55.000 5.500 93.411
3.00 -5.00 1500.00 1570.00 1650.00 1 4.400 9.200 55.000 5.500 93.840 300.00 4.400 9.200 55.000 5.500 93.840
-10.00 -4.00 1500.00 1570.00 1650.00 1 4.400 9.200 55.000 5.500 93.388 300.00 4.400 9.200 55.000 5.500 93.388
-9.00 -4.00 1500.00 1570.00 1650.00 1 4.400 9.200 55.000 5.500 93.792 300.00 4.400 9.200 55.000 5.500 93.792
-8.00 -4.00 1500.00 1570.00 1650.00 1 4.400 9.200 55.000 5.500 94.889 300.00 4.400 9.200 55.000 5.500 94.889
-7.00 -4.00 1500.00 1570.00 1650.00 1 4.400 9.200 55.000 5.500 93.618 300.00 4.400 9.200 55.000 5.500 93.618
-6.00 -4.00 1500.00 1570.00 1650.00 1 4.400 9.200 55.000 5.500 93.560 300.00 4.400 9.200 55.000 5.500 93.560
-5.00 -4.00 1500.00 1570.00 1650.00 1 4.400 9.200 55.000 5.500 94.168 300.00 4.400 9.200 55.000 5.500 94.168
-4.00 -4.00 1500.00 1570.00 1650.00 1 4.400 9.200 55.000 5.500 93.782 300.00 4.400 9.200 55.000 5.500 93.782
-3.00 -4.00 1500.00 1570.00 1650.00 1 4.400 9.200 55.000 5.500 93.482 300.00 4.400 9.200 55.000 5.500 93.482
-2.00 -4.00 1500.00 1570.00 1650.00 1 4.400 9.200 55.000 5.500 93.610 300.00 4.400 9.200 55.000 5.500 93.610
-1.00 -4.00 1500.00 1570.00 1650.00 1 4.400 9.200 55.000 5.500 93.695 300.00 4.400 9.200 55.000 5.500 93.695
0.00 -4.00 1500.00 1570.00 1650.00 1 4.400 9.200 55.000 5.500 94.275 300.00 4.400 9.200 55.000 5.500 94.275
1.00 -4.00 1500.00 1570.00 1650.00 1 4.400 9.200 55.000 5.500 93.782 300.00 4.400 9.200 55.000 5.500 93.782
2.00 -4.00 1500.00 1570.00 1650.00 1 4.400 9.200 55.000 5.500 93.098 300.00 4.400 9.200 55.000 5.500 93.098
3.00 -4.00 1500.00 1570.00 1650.00 1 4.400 9.200 55.000 5.500 94.312 300.00 4.400 9.200 55.000 5.500 94.312
-10.00 -3.00 1500.00 1570.00 1650.00 1 4.400 9.200 55.000 5.500 93.299 300.00 4.400 9.200 55.000 5.500 93.299
-9.00 -3.00 1500.00 1570.00 1650.00 1 4.400 9.200 55.000 5.500 93.046 300.00 4.400 9.200 55.000 5.500 93.046
-8.00 -3.00 1500.00 1570.00 1650.00 1 4.400 9.200 55.000 5.500 93.763 300.00 4.400 9.200 55.000 5.500 93.763
-7.00 -3.00 1500.00 1570.00 1650.00 1 4.400 9.200 55.000 5.500 94.529 300.00 4.400 9.200 55.000 5.500 94.529
-6.00 -3.00 1500.00 1570.00 1650.00 1 4.400 9.200 55.000 5.500 93.953 300.00 4.400 9.200 55.000 5.500 93.953
-5.00 -3.00 1500.00 1570.00 1650.00 1 4.400 9.200 55.000 5.500 94.615 300.00 4.400 9.200 55.000 5.500 94.615
-4.00 -3.00 1500.00 1570.00 1650.00 1 4.400 9.200 55.000 5.500 94.424 300.00 4.400 9.200 55.000 5.500 94.424
-3.00 -3.00 1500.00 1570.00 1650.00 1 4.400 9.200 55.000 5.500 94.072 300.00 4.400 9.200 55.000 5.500 94.072
-2.00 -3.00 1500.00 1570.00 1650.00 1 4.400 9.200 55.000 5.500 93.427 300.00 4.400 9.200 55.000 5.500 93.427
-1.00 -3.00 1500.00 1570.00 1650.00 1 4.400 9.200 55.000 5.500 94.598 300.00 4.400 9.200 55.000 5.500 94.598
0.00 -3.00 1500.00 1570.00 1650.00 1 4.400 9.200 55.000 5.500 94.633 300.00 4.400 9.200 55.000 5.500 94.633
1.00 -3.00 1500.00 1570.00 1650.00 1 4.400 9.200 55.000 5.500 93.835 300.00 4.400 9.200 55.000 5.500 93.835
2.00 -3.00 1500.00 1570.00 1650.00 1 4.400 9.200 55.000 5.500 93.473 300.00 4.400 9.200 55.000 5.500 93.473
3.00 -3.00 1500.00 1570.00 1650.00 1 4.400 9.200 55.000 5.500 92.842 300.00 4.400 9.200 55.000 5.500 92.842
-10.00 -2.00 1500.00 1570.00 1650.00 1 4.400 9.200 55.000 5.500 93.587 300.00 4.400 9.200 55.000 5.500 93.587
-9.00 -2.00 1500.00 1570.00 1650.00 1 4.400 9.200 55.000 5.500 94.168 300.00 4.400 9.200 55.000 5.500 94.168
-8.00 -2.00 1500.00 1570.00 1650.00 1 4.400 9.200 55.000 5.500 93.528 300.00 4.400 9.200 55.000 5.500 93.528
-7.00 -2.00 1500.00 1570.00 1650.00 1 4.400 9.200 55.000 5.500 94.302 300.00 4.400 9.200 55.000 5.500 94.302
-6.00 -2.00 1500.00 1570.00 1650.00 1 4.400 9.200 55.000 5.500 93.912 300.00 4.400 9.200 55.000 5.500 93.912
-5.00 -2.00 1500.00 1570.00 1650.00 1 4.400 9.200 55.000 5.500 93.426 300.00 4.400 9.200 55.000 5.500 93.426
-4.00 -2.00 1500.00 1570.00 1650.00 1 4.400 9.200 55.000 5.500 93.877 300.00 4.400 9.200 55.000 5.500 93.877
-3.00 -2.00 1500.00 1570.00 1650.00 1 4.400 9.200 55.000 5.500 94.124 300.00 4.400 9.200 55.000 5.500 94.124
-2.00 -2.00 1500.00 1570.00 1650.00 1 4.400 9.200 55.000 5.500 94.661 300.00 4.400 9.200 55.000 5.500 94.661
-1.00 -2.00 1500.00 1570.00 1650.00 1 4.400 9.200 55.000 5.500 93.716 300.00 4.400 9.200 55.000 5.500 93.716
0.00 -2.00 1500.00 1570.00 1650.00 1 4.400 9.200 55.000 5.500 94.105 300.00 4.400 9.200 55.000 5.500 94.105
1.00 -2.00 1500.00 1570.00 1650.00 1 4.400 9.200 55.000 5.500 93.639 300.00 4.400 9.200 55.000 5.500 93.639
2.00 -2.00 1500.00 1570.00 1650.00 1 4.400 9.200 55.000 5.500 93.511 300.00 4.400 9.200 55.000 5.500 93.511
3.00 -2.00 1500.00 1570.00 1650.00 1 4.400 9.200 55.000 5.500 92.777 300.00 4.400 9.200 55.000 5.500 92.777
-10.00 -1.00 1500.00 1570.00 1650.00 1 4.400 9.200 55.000 5.500 95.082 300.00 4.400 9.200 55.000 5.500 95.082
-9.00 -1.00 1500.00 1570.00 1650.00 1 4.400 9.200 55.000 5.500 94.648 300.00 4.400 9.200 55.000 5.500 94.648
-8.00 -1.00 1500.00 1570.00 1650.00 1 4.400 9.200 55.000 5.500 94.203 300.00 4.400 9.200 55.000 5.500 94.203
-7.00 -1.00 1500.00 1570.00 1650.00 1 4.400 9.200 55.000 5.500 94.031 300.00 4.400 9.200 55.000 5.500 94.031
-6.00 -1.00 1500.00 1570.00 1650.00 1 4.400 9.200 55.000 5.500 93.914 300.00 4.400 9.200 55.000 5.500 93.914
-5.00 -1.00 1500.00 1570.00 1650.00 1 4.400 9.200 55.000 5.500 93.907 300.00 4.400 9.200 55.000 5.500 93.907
-4.00 -1.00 1500.00 1570.00 1650.00 1 4.400 9.200 55.000 5.500 93.804 300.00 4.400 9.200 55.000 5.500 93.804
-3.00 -1.00 1500.00 1570.00 1650.00 1 4.400 9.200 55.000 5.500 93.868 300.00 4.400 9.200 55.000 5.500 93.868
-2.00 -1.00 1500.00 1570.00 1650.00 1 4.400 9.200 55.000 5.500 94.570 300.00 4.400 9.200 55.000 5.500 94.570
-1.00 -1.00 1500.00 1570.00 1650.00 1 4.400 9.200 55.000 5.500 93.921 300.00 4.400 9.200 55.000 5.500 93.921
0.00 -1.00 1500.00 1570.00 1650.00 1 4.400 9.200 55.000 5.500 93.942 300.00 4.400 9.200 55.000 5.500 93.942
1.00 -1.00 1500.00 1570.00 1650.00 1 4.400 9.200 55.000 5.500 94.095 300.00 4.400 9.200 55.000 5.500 94.095
2.00 -1.00 1500.00 1570.00 1650.00 1 4.400 9.200 55.000 5.500 93.343 300.00 4.400 9.200 55.000 5.500 93.343
3.00 -1.00 1500.00 1570.00 1650.00 1 4.400 9.200 55.000 5.500 94.101 300.00 4.400 9.200 55.000 5.500 94.101
