-59043.31	2.32 8.65 39.28 2.42	3.95 8.31 39.90 3.73	1437.12	1505.14	1546.35	2559.56 2772.19 3000.98	2.2405 1.6700 1.8907	685.00 13819.00 24335.46
-70182.65	3.08 7.69 37.97 3.50	3.75 8.26 38.28 3.74	1421.50	1461.56	1532.67	2565.37 2731.10 3077.40	1.9645 1.6716 1.8526	813.40 18826.79 24937.15
-117674.99	3.94 8.42 40.66 3.25	3.86 8.61 38.67 3.19	1404.57	1468.23	1502.25	2721.93 2793.00 2913.00	1.9669 1.6884 1.7403	1637.00 16867.00 30658.36
-58553.67	2.18 8.39 41.70 1.63	4.06 8.42 39.52 3.80	1469.43	1486.77	1504.10	2440.25 2709.16 2965.90	1.7767 1.6157 1.7856	1011.00 19019.00 15320.60
-211129.82	2.73 8.10 38.56 2.38	4.12 8.22 38.95 3.44	1398.73	1463.61	1509.28	2240.52 2824.74 3222.95	1.8037 1.7369 1.8330	1546.00 22289.00 23481.06
-77870.74	2.54 7.90 40.40 3.00	4.01 7.41 38.17 2.76	1423.76	1454.68	1510.13	2428.80 2798.68 2968.88	1.8331 1.7374 1.7992	1010.99 15673.45 25206.94
-58538.27	1.93 8.65 41.67 1.95	3.95 8.38 39.34 3.58	1412.78	1478.07	1505.29	2213.74 2850.42 2962.00	1.7560 1.6637 1.8716	463.00 18087.00 29186.42
-76790.56	2.56 8.54 43.44 1.56	4.28 8.52 37.30 4.16	1415.65	1481.38	1449.97	2267.46 2764.78 2986.18	1.6588 1.8233 1.8361	1581.92 16925.08 24765.09
-65417.69	2.87 7.45 40.14 2.07	3.82 8.50 39.90 3.74	1440.46	1507.52	1518.95	2377.83 2931.75 2984.00	1.9557 1.6634 1.8259	938.00 22103.00 21983.84
-72320.24	2.00 8.34 41.79 1.17	3.83 7.72 36.99 3.44	1399.28	1475.99	1501.28	2610.37 2819.80 3033.24	1.8570 1.7541 1.8427	542.38 13297.12 27395.03
-143640.83	3.85 8.22 40.61 3.16	3.85 8.43 38.31 3.57	1404.33	1503.28	1526.98	2351.02 2903.54 3121.00	2.0724 1.6598 1.8600	2353.00 27824.00 17948.93
-206893.70	2.71 7.94 39.33 1.97	3.83 8.64 38.90 3.47	1420.84	1474.27	1515.33	2297.79 2710.44 3142.69	1.7163 1.7393 1.8840	1689.00 23233.00 20751.44
-60558.83	2.69 7.97 40.43 2.62	3.85 8.37 39.81 3.62	1403.71	1484.48	1516.49	2569.94 2849.81 2827.00	2.1664 1.7078 1.7071	454.00 21666.00 9775.34
-61515.70	2.02 8.68 41.37 2.11	4.32 8.39 39.31 3.73	1389.58	1426.17	1507.23	2316.13 2843.35 2979.00	1.7698 1.6672 1.8833	1522.00 17361.00 29054.44
-187821.02	3.36 7.49 38.11 2.97	4.16 8.48 38.39 3.27	1404.64	1442.98	1479.47	2653.10 2873.92 3033.00	1.8539 1.7214 1.8470	880.00 19683.00 32064.32
-64894.59	2.66 7.97 40.43 2.62	4.08 8.37 39.81 3.62	1413.63	1442.44	1481.91	2622.95 2778.80 2992.18	2.1651 1.6406 1.7071	454.00 21666.00 9775.34
-99513.87	3.27 8.37 41.14 2.67	3.80 8.45 38.73 3.47	1424.95	1476.64	1526.09	2386.00 2626.25 3189.59	1.6665 1.6661 1.8725	4062.00 27645.00 13208.65
-105222.00	3.48 8.16 40.81 3.45	4.45 8.46 38.92 3.73	1410.00	1470.00	1510.00	2598.00 2769.00 3045.00	1.9438 1.7082 1.8780	1330.00 19413.00 28969.68
-67465.53	3.02 7.28 41.06 2.63	4.46 8.41 39.54 4.01	1410.00	1470.00	1510.00	2569.00 2788.00 3080.00	1.7327 1.7339 1.8881	521.00 23833.00 27438.27
-50511.53	2.24 7.04 42.79 2.72	3.80 8.72 40.52 3.09	1415.85	1470.65	1489.95	2610.43 2552.11 2914.88	1.9725 1.6787 1.7864	564.41 11922.68 20827.08
-94942.58	1.87 8.03 43.48 1.92	4.04 8.38 38.33 3.38	1426.84	1453.55	1485.23	2150.49 2885.81 2958.00	1.8231 1.6506 1.8798	4035.00 16308.00 23874.88
-210116.41	3.12 8.18 39.21 3.03	3.87 7.86 38.34 2.84	1418.25	1475.63	1503.75	2084.62 2611.98 3018.62	2.0960 1.7370 1.8465	1407.12 23926.82 21882.96
-136019.56	2.99 8.07 40.86 2.65	4.02 8.53 38.48 3.38	1389.15	1441.88	1493.10	2130.18 2801.62 2874.12	1.9156 1.7770 1.9202	3366.00 18764.00 26757.05
-157226.80	3.56 8.09 38.52 2.74	4.57 8.66 38.33 3.61	1410.00	1470.00	1510.00	2454.00 2751.00 3039.00	2.1694 1.6593 1.8433	2318.00 18661.00 27525.92
-69178.72	2.93 7.51 42.36 2.20	4.42 8.38 39.80 3.87	1410.00	1470.00	1510.00	2313.00 2816.00 2944.00	1.6701 1.7227 1.8053	1582.00 16945.00 24815.52
-199529.81	2.56 7.34 42.74 2.12	4.28 8.48 36.33 3.93	1416.46	1483.28	1499.60	2235.04 2791.67 2946.96	1.8826 1.6649 1.7890	3785.70 16624.42 28478.40
-112337.84	2.68 8.89 40.74 1.84	4.17 8.12 38.93 3.97	1393.71	1469.98	1522.03	2487.86 2664.07 2804.24	1.7386 1.7078 1.7083	2219.32 17022.40 28036.13
-58541.83	1.61 7.83 43.82 1.40	4.11 8.37 39.28 3.65	1417.84	1452.72	1500.02	2728.10 2758.00 2976.00	1.7777 1.7899 1.8840	561.00 13267.00 27375.66
-70050.22	2.19 7.77 43.88 1.55	3.94 7.61 38.41 4.07	1430.20	1494.58	1484.64	2646.01 2793.26 2700.44	1.8730 1.7485 1.7140	1246.56 16736.46 21701.59
-61742.85	2.08 7.89 43.21 1.23	3.77 7.84 40.56 2.87	1405.27	1444.27	1523.94	2307.01 2811.95 2687.94	2.0447 1.6611 1.7150	715.58 19059.40 16617.71
-137987.79	3.90 8.22 40.61 3.16	3.87 8.43 38.31 3.57	1388.89	1473.81	1520.78	2257.07 2893.96 3121.00	2.0724 1.6598 1.8600	2353.00 27824.00 17948.93
-67419.90	3.16 8.83 38.95 2.57	3.87 9.02 39.31 2.68	1375.73	1434.03	1517.96	2654.69 2826.53 3012.94	1.6549 1.7998 1.7127	1495.79 19125.00 23300.57
-76511.05	2.10 6.93 43.29 .89	3.73 8.13 38.48 3.85	1418.15	1482.16	1539.81	2047.64 2705.82 2950.25	2.0442 1.6822 1.8948	647.28 14163.43 26905.46
-60297.62	2.89 8.15 39.77 2.03	3.71 8.22 39.93 3.68	1431.17	1476.25	1546.51	2406.72 2868.80 2822.00	1.8583 1.6685 1.6600	551.00 11568.00 19750.36
-220406.52	3.52 8.36 38.19 2.32	4.27 8.20 38.65 3.34	1410.59	1442.24	1519.57	2167.44 2866.16 3111.00	1.9150 1.6736 1.8477	1609.00 28249.00 19426.60
-163212.33	3.01 7.75 38.60 1.99	4.14 8.51 38.88 3.46	1416.82	1481.06	1525.38	2134.46 2759.78 2971.92	1.6059 1.7348 1.8913	2552.00 18047.00 26442.87
-191437.21	2.38 7.55 41.54 2.14	4.31 8.50 37.61 2.88	1415.77	1462.92	1460.29	2330.47 2829.38 2986.50	1.8364 1.7490 1.8946	3591.45 16873.06 28409.38
-77181.02	2.02 8.12 44.21 1.87	3.84 8.52 37.49 3.51	1392.80	1429.50	1509.20	2505.50 2953.76 2891.00	1.7451 1.7923 1.8594	199.00 24333.00 23636.34
-203751.55	2.90 7.68 38.06 2.48	3.89 8.31 37.98 3.70	1406.32	1490.20	1536.30	2269.34 2643.59 3147.60	1.9207 1.7284 1.8475	2136.00 26412.00 25154.63
-202640.64	2.59 8.82 39.24 2.74	4.24 8.25 38.40 3.31	1423.28	1428.44	1519.07	2371.52 2972.93 3125.00	1.7344 1.6973 1.8422	1930.00 27797.00 20506.86
-203529.10	2.91 7.34 38.65 2.19	4.28 8.53 38.13 3.66	1419.27	1460.04	1515.23	2014.01 2702.08 3161.47	1.7896 1.7555 1.8842	1571.00 19144.00 24458.71
-58707.54	2.29 7.80 41.71 2.59	4.01 8.37 36.66 3.38	1406.32	1456.58	1481.76	2416.91 2621.85 3053.50	1.8757 1.6920 1.7677	531.41 14951.65 23224.46
-49257.73	3.02 8.67 38.83 2.85	4.10 8.08 39.75 3.94	1410.00	1470.00	1510.00	2355.00 2685.00 2797.00	2.0469 1.6842 1.6577	382.00 11104.00 17153.15
-116121.17	3.10 7.27 40.73 2.69	4.15 8.56 37.61 3.26	1378.94	1495.82	1479.14	2558.72 2810.22 3062.07	1.9827 1.7066 1.7582	1754.06 16800.22 30513.22
-173589.12	2.79 7.21 39.48 2.01	3.64 8.53 37.99 3.42	1431.51	1525.09	1510.30	2526.87 2789.15 3004.77	1.8244 1.5947 1.7708	1106.00 19155.00 30042.49
-213323.06	2.94 8.10 38.56 2.38	4.37 8.22 38.95 3.44	1429.47	1487.36	1508.59	2313.20 2968.29 3061.00	1.8037 1.7369 1.8330	1546.00 22289.00 23481.06
-52635.06	3.46 8.31 39.27 2.40	3.80 8.29 39.90 3.76	1407.93	1456.14	1491.15	2498.81 2830.96 2902.00	1.8629 1.6709 1.7773	1090.00 14458.00 23805.79
-63123.07	1.98 7.74 41.45 .81	4.30 8.17 36.30 3.99	1388.49	1473.44	1531.58	2134.34 2799.55 2914.10	2.0747 1.7513 1.7381	576.86 19168.26 16601.87
-103920.57	3.31 8.16 40.81 3.45	4.46 8.46 38.92 3.73	1410.00	1470.00	1510.00	2598.00 2769.00 3045.00	1.9438 1.7082 1.8780	1330.00 19413.00 28969.68
-109690.11	3.32 7.37 40.86 3.68	4.32 8.25 39.33 4.61	1377.93	1472.83	1504.91	2552.58 2732.26 2918.88	1.9709 1.6596 1.7542	2430.80 20406.89 25393.61
-76058.88	2.10 8.46 41.89 2.07	4.03 8.37 39.73 3.48	1416.35	1436.80	1514.78	2322.41 2792.90 2801.93	2.0603 1.6424 1.7017	509.00 19091.00 16719.77
-95722.07	2.00 6.76 40.93 1.44	3.92 7.47 39.21 4.05	1378.98	1460.45	1501.42	2181.20 2682.73 3058.76	1.8531 1.6749 1.8269	4034.97 16236.99 23905.76
-88383.28	3.08 8.77 40.52 2.16	3.93 8.53 38.33 2.53	1425.82	1473.63	1503.99	2580.08 2762.33 2779.57	1.7612 1.7266 1.7695	1623.70 15929.48 27493.48
-131713.09	3.07 7.89 40.68 2.98	4.44 8.52 38.70 3.36	1410.00	1470.00	1510.00	2360.00 2774.00 3024.00	1.7871 1.6516 1.8479	2311.00 20109.00 25875.91
-73480.02	2.27 8.53 43.55 1.97	4.20 8.41 36.75 2.94	1402.29	1472.84	1512.79	2367.75 2641.38 2935.09	1.8004 1.7248 1.8652	511.47 14587.59 24828.05
-194845.64	2.93 8.25 39.29 2.36	4.08 8.57 39.04 3.50	1388.64	1491.05	1501.34	2198.62 2937.76 3105.00	2.0435 1.7209 1.8024	1689.00 27902.00 19405.45
-153288.19	3.15 7.90 38.56 1.97	3.50 8.34 40.29 3.63	1412.81	1462.18	1511.82	2466.85 2829.88 3077.44	2.1831 1.6511 1.8578	2043.64 25780.15 22219.51
-136917.42	3.20 7.60 41.21 2.93	3.98 8.73 38.98 3.31	1388.71	1478.93	1532.43	2392.09 2839.77 3085.00	2.1247 1.6649 1.8663	1878.00 19713.00 28178.69
-52557.98	3.03 8.25 39.69 2.87	3.92 8.04 39.79 3.96	1395.07	1482.70	1565.63	2086.81 2668.81 2690.95	2.2123 1.6543 1.6599	308.00 10557.00 19970.82
-124495.72	3.67 8.42 40.66 3.25	4.06 8.61 38.67 3.19	1395.26	1456.17	1485.00	2781.13 2793.00 2913.00	1.9669 1.6884 1.7403	1637.00 16867.00 30658.36
-131731.89	3.18 8.07 40.86 2.65	3.79 8.53 38.48 3.38	1421.23	1453.93	1552.48	2382.09 2872.36 3048.00	1.9479 1.7430 1.8724	3366.00 18764.00 26757.05
-148066.28	2.91 8.43 40.09 2.94	4.04 8.28 38.28 3.37	1411.81	1492.34	1497.28	2108.65 3011.60 2921.00	1.6922 1.6525 1.7704	3859.00 25362.00 16628.56
-76350.97	1.77 8.03 43.64 2.02	4.30 8.23 39.61 3.03	1403.98	1471.55	1490.87	2178.69 2812.57 2917.42	1.8742 1.7365 1.8951	274.22 22614.21 22500.85
-54937.39	2.48 8.78 41.41 1.78	3.64 7.49 40.47 3.06	1413.91	1476.86	1514.39	2259.26 2523.63 3001.98	1.9197 1.6678 1.7279	517.00 18320.85 15840.07
-53229.24	2.80 8.68 39.68 2.31	4.06 7.91 38.55 3.03	1401.22	1474.75	1495.44	2208.40 2751.98 2722.43	2.1516 1.6786 1.6918	249.55 10606.77 19996.13
-123564.42	2.62 8.29 43.13 2.86	4.09 8.53 38.33 3.72	1441.32	1464.10	1528.86	2592.69 2889.61 2976.00	2.0210 1.6665 1.7896	852.00 18768.00 30368.77
-113640.94	3.20 8.28 40.70 3.85	4.03 8.29 39.28 3.46	1418.86	1474.77	1489.30	2355.69 2805.88 2727.09	1.8927 1.9054 1.6536	1854.00 12847.00 25107.70
-65336.08	2.68 8.15 39.77 2.03	4.16 8.22 39.93 3.68	1403.92	1448.59	1470.53	2348.77 2807.07 2857.04	1.9123 1.6491 1.6600	551.00 11568.00 19750.36
-49669.42	2.93 8.65 39.28 2.42	3.91 8.31 39.90 3.73	1410.00	1470.00	1510.00	2411.00 2647.00 2920.00	2.1335 1.6700 1.8907	685.00 13819.00 24335.46
-154385.94	2.28 7.29 42.67 2.40	3.60 7.67 40.96 3.24	1400.69	1481.69	1541.63	2229.09 2747.17 3007.64	1.8037 1.7903 1.8821	2129.20 19681.50 26892.04
-134979.07	3.31 8.04 40.70 2.67	4.26 8.41 38.71 3.69	1421.51	1448.02	1475.82	2100.24 2769.65 2999.71	2.1329 1.5423 1.8778	2426.00 21950.00 25890.92
-194580.09	3.31 7.49 38.11 2.97	4.26 8.48 38.39 3.27	1413.74	1497.37	1485.54	2624.20 2804.04 3164.43	1.8539 1.7214 1.8470	880.00 19683.00 32064.32
-117038.33	3.85 7.61 38.85 2.97	3.82 7.90 40.65 3.40	1377.83	1489.70	1540.78	2490.33 2686.27 2833.66	1.8969 1.8306 1.6821	1877.12 12877.54 25076.96
-193086.07	2.29 8.23 42.67 1.90	3.84 8.66 40.83 3.39	1380.11	1488.80	1507.63	2141.25 2769.21 3057.00	1.8153 1.6967 1.8397	3761.04 16648.73 28313.20
-197638.23	2.24 7.89 39.60 1.76	4.26 8.57 38.56 3.22	1406.41	1454.86	1509.80	2193.54 2743.43 3177.02	1.8310 1.6863 1.8926	3736.00 16709.00 28342.70
-67412.85	3.34 7.91 40.84 2.39	3.80 8.55 39.73 3.70	1414.07	1455.54	1466.01	2071.00 2627.76 2844.92	1.8448 1.6286 1.7875	759.00 24743.00 19643.08
-224740.83	2.63 8.66 41.85 1.34	3.88 7.65 37.14 2.95	1438.34	1489.37	1476.28	2347.24 2736.48 3094.20	1.7308 1.7576 1.8677	2522.12 18315.28 26775.04
-140373.02	3.44 8.36 41.54 3.04	4.13 7.22 36.12 4.02	1426.25	1488.11	1522.12	2185.49 2765.43 3038.64	2.0476 1.6847 1.8907	2261.95 27721.09 17662.69
-146045.27	2.67 8.04 40.70 2.67	4.00 8.41 38.71 3.69	1413.52	1487.66	1514.59	1885.94 2793.00 3009.00	2.1567 1.6791 1.8778	2426.00 21950.00 25890.92
-135092.71	3.44 7.37 40.52 3.34	4.45 8.61 38.24 3.30	1410.00	1470.00	1510.00	2410.00 2807.00 2990.00	2.0524 1.6742 1.8650	1019.00 18057.00 33235.80
-104424.23	3.01 8.37 41.14 2.67	4.11 8.45 38.73 3.47	1415.55	1454.77	1537.45	2378.31 2898.44 3048.00	1.6665 1.6661 1.8725	4062.00 27645.00 13208.65
-70626.77	3.07 7.45 40.14 2.07	3.94 8.50 39.90 3.74	1400.31	1465.94	1531.59	2621.86 2654.09 2983.27	1.9464 1.6491 1.8259	938.00 22103.00 21983.84
-117516.76	2.48 8.31 42.92 2.58	3.71 8.66 38.90 3.49	1379.69	1448.17	1524.93	2484.11 2695.82 3038.97	2.2015 1.7145 1.7052	2058.00 14841.00 28496.65
-177879.72	2.40 7.21 39.48 2.01	4.10 8.53 37.99 3.42	1408.45	1465.98	1526.80	2498.58 2857.82 2989.00	1.8140 1.6784 1.7708	1106.00 19155.00 30042.49
-67496.99	3.19 8.18 38.80 2.92	3.34 8.53 39.80 3.64	1415.55	1487.32	1489.99	2604.30 2790.76 2907.74	2.0788 1.5475 1.8925	1470.00 20649.00 17645.75
-125966.48	3.10 7.60 41.21 2.93	4.01 8.73 38.98 3.31	1393.00	1453.37	1501.81	2430.72 2767.33 3248.79	2.1247 1.6649 1.8663	1878.00 19713.00 28178.69
-190895.34	2.92 8.25 39.29 2.36	4.41 8.57 39.04 3.50	1410.00	1470.00	1510.00	2251.00 2812.00 3105.00	2.0435 1.7209 1.8024	1689.00 27902.00 19405.45
-69285.45	1.57 7.58 44.14 .84	4.26 8.09 38.37 3.36	1393.82	1441.77	1516.37	2334.37 2647.77 2919.42	2.0445 1.8244 1.8510	533.95 18453.36 29456.50
-71488.29	2.97 8.24 39.82 2.58	4.31 8.57 39.77 3.51	1384.61	1466.88	1508.24	2207.64 2725.18 2579.23	1.9177 1.6969 1.6738	320.00 10002.00 19262.10
-185274.03	2.77 7.65 40.11 1.69	4.12 8.66 37.70 3.46	1414.21	1463.24	1507.83	2286.93 2719.09 3147.68	2.0367 1.6723 1.8869	3073.00 16576.00 24637.51
-126173.95	2.81 7.89 40.68 2.98	3.89 8.52 38.70 3.36	1403.28	1466.76	1502.22	2427.23 2492.17 3060.99	1.8562 1.6104 1.8479	2311.00 20109.00 25875.91
-183414.02	2.28 8.45 39.07 2.17	3.87 8.52 38.02 3.54	1392.90	1445.98	1516.36	2282.13 2924.92 3067.00	1.7303 1.6980 1.8224	2904.00 24922.00 20221.33
-58349.67	2.57 8.24 41.87 1.33	3.85 8.97 38.42 2.59	1418.62	1466.06	1463.17	2401.49 2771.99 3108.16	1.8117 1.6689 1.8854	608.34 21274.98 22991.31
-204991.37	2.92 8.35 40.14 2.36	4.39 7.82 38.12 3.25	1416.78	1445.39	1484.14	2114.31 2817.64 2943.01	2.0426 1.6835 1.8440	1392.27 17264.55 28207.58
-214419.78	3.76 8.48 38.19 3.19	3.93 8.22 39.04 3.51	1435.16	1465.72	1512.97	2132.29 2825.79 3270.44	1.6648 1.6552 1.8737	3208.00 21105.00 29855.90
-204496.71	2.63 7.94 39.33 1.97	4.36 8.64 38.90 3.47	1396.51	1476.73	1523.82	2339.34 2927.16 3110.00	1.7163 1.7393 1.8840	1689.00 23233.00 20751.44
-71731.43	1.98 7.98 43.79 1.11	3.97 8.68 39.20 3.38	1451.89	1439.46	1527.64	2436.37 2701.22 2701.28	1.7470 1.7347 1.6902	209.90 16351.27 15860.92
-76749.53	2.31 7.30 42.06 2.16	4.11 8.66 36.89 3.83	1434.25	1468.63	1500.05	2395.74 2737.89 3062.33	1.8377 1.7478 1.8806	942.53 18729.78 22317.20
-180342.46	2.99 8.80 37.90 2.56	4.20 7.12 37.60 3.00	1392.83	1515.95	1504.71	2180.27 2736.23 3090.48	1.9442 1.7686 1.8521	2162.29 21034.50 21293.52
-202312.13	2.90 7.34 38.65 2.19	3.95 8.53 38.13 3.66	1401.47	1450.78	1517.59	2203.74 2986.17 3069.00	1.7896 1.7555 1.8842	1571.00 19144.00 24458.71
