      Lon      Lat     thick1        Vs1        Vp1      Dens1       RHP1     thick2        Vs2        Vp2      Dens2       RHP2     thick3        Vs3        Vp3      Dens3       RHP3
      deg      deg          m        m/s        m/s      kg/m3      uW/m3          m        m/s        m/s      kg/m3      uW/m3          m        m/s        m/s      kg/m3      uW/m3
   -10.00   -10.00     343.00    2045.00    3590.00    2312.00       1.00   13089.00    3354.00    5674.00    2721.00       1.00   26688.91    3723.00    6909.00    2989.00       0.50
    -9.00   -10.00     781.00    2421.00    4428.00    2457.00       1.00   14951.00    3331.00    5517.00    2707.00       1.00   23154.01    3756.00    6864.00    2977.00       0.50
    -8.00   -10.00    2587.00    2803.00    5662.00    2680.00       1.00   14273.00    3267.00    6177.00    2791.00       1.00   25240.33    3711.00    6879.00    2981.00       0.50
    -7.00   -10.00    3859.00    1803.00    3051.00    2214.00       1.00   25362.00    3801.00    6281.00    2816.00       1.00   16628.56    3785.00    6701.00    2921.00       0.50
    -6.00   -10.00    2579.00    1290.00    2514.00    2108.00       1.00   25445.00    3596.00    6245.00    2806.00       1.00   21943.20    3882.00    7192.00    3067.00       0.50
    -5.00   -10.00    2151.00    1131.00    2483.00    2101.00       1.00   19146.00    3507.00    6291.00    2812.00       1.00   30912.14    3840.00    7242.00    3078.00       0.50
    -4.00   -10.00    1302.00    1228.00    2583.00    2123.00       1.00   18497.00    3388.00    6040.00    2759.00       1.00   32133.24    3784.00    7119.00    3037.00       0.50
    -3.00   -10.00     880.00    2895.00    5367.00    2623.00       1.00   19683.00    3424.00    5894.00    2757.00       1.00   32064.32    3849.00    7109.00    3033.00       0.50
    -2.00   -10.00    1106.00    2758.00    5003.00    2557.00       1.00   19155.00    3548.00    5955.00    2809.00       1.00   30042.49    3936.00    6970.00    2989.00       0.50
    -1.00   -10.00    2136.00    2005.00    3851.00    2358.00       1.00   26412.00    3645.00    6300.00    2816.00       1.00   25154.63    3973.00    7340.00    3122.00       0.50
     0.00   -10.00    1930.00    1728.00    2997.00    2205.00       1.00   27797.00    3680.00    6246.00    2805.00       1.00   20506.86    3987.00    7345.00    3125.00       0.50
     1.00   -10.00    1609.00    1400.00    2681.00    2143.00       1.00   28249.00    3741.00    6261.00    2808.00       1.00   19426.60    3958.00    7313.00    3111.00       0.50
     2.00   -10.00    1518.00    1342.00    2747.00    2157.00       1.00   18479.00    3668.00    6139.00    2778.00       1.00   29381.10    3831.00    7241.00    3079.00       0.50
     3.00   -10.00    1302.00    1632.00    3215.00    2246.00       1.00   15964.00    3533.00    6228.00    2798.00       1.00   31070.15    3776.00    7137.00    3042.00       0.50
   -10.00    -9.00     551.00    1983.00    3685.00    2329.00       1.00   11568.00    3345.00    5581.00    2723.00       1.00   19750.36    3773.00    6263.00    2822.00       0.50
    -9.00    -9.00     554.00    2712.00    5258.00    2603.00       1.00   11860.00    3192.00    5429.00    2645.00       1.00   20884.19    3645.00    6757.00    2944.00       0.50
    -8.00    -9.00    1854.00    2347.00    4343.00    2443.00       1.00   12847.00    3237.00    5890.00    2728.00       1.00   25107.70    3713.00    6140.00    2785.00       0.50
    -7.00    -9.00    4955.00    1862.00    3579.00    2308.00       1.00   15771.00    3757.00    6227.00    2800.00       1.00   21463.16    3915.00    6526.00    2869.00       0.50
    -6.00    -9.00    2633.00    2091.00    4323.00    2438.00       1.00   12889.00    3286.00    5469.00    2645.00       1.00   29487.05    3802.00    7044.00    3011.00       0.50
    -5.00    -9.00    3736.00    1580.00    2893.00    2184.00       1.00   16709.00    3723.00    6278.00    2811.00       1.00   28342.70    3733.00    7065.00    3019.00       0.50
    -4.00    -9.00    2060.00    1269.00    2524.00    2111.00       1.00   15899.00    3520.00    5814.00    2712.00       1.00   29294.05    3745.00    6720.00    2917.00       0.50
    -3.00    -9.00    1025.00    1252.00    2579.00    2123.00       1.00   20130.00    3525.00    6112.00    2776.00       1.00   30327.94    3729.00    7031.00    3013.00       0.50
    -2.00    -9.00    2130.00    1662.00    3583.00    2312.00       1.00   25689.00    3756.00    6260.00    2807.00       1.00   22397.56    3805.00    7188.00    3065.00       0.50
    -1.00    -9.00    3817.00    2016.00    3746.00    2337.00       1.00   22285.00    3623.00    6144.00    2782.00       1.00   24197.98    3901.00    7341.00    3122.00       0.50
     0.00    -9.00    2552.00    1900.00    3197.00    2242.00       1.00   18047.00    3579.00    6209.00    2794.00       1.00   26442.87    3799.00    7185.00    3061.00       0.50
     1.00    -9.00    1856.00    1282.00    2679.00    2143.00       1.00   25635.00    3704.00    6262.00    2807.00       1.00   18130.71    3886.00    7341.00    3122.00       0.50
     2.00    -9.00    1585.00    1474.00    3004.00    2207.00       1.00   17398.00    3631.00    6186.00    2788.00       1.00   28289.67    3839.00    7055.00    3013.00       0.50
     3.00    -9.00    1444.00    1901.00    4092.00    2400.00       1.00   17276.00    3608.00    6296.00    2813.00       1.00   29198.90    3854.00    7132.00    3039.00       0.50
   -10.00    -8.00     382.00    1875.00    3838.00    2355.00       1.00   11104.00    3268.00    5504.00    2685.00       1.00   17153.15    3710.00    6150.00    2797.00       0.50
    -9.00    -8.00     519.00    2429.00    4705.00    2505.00       1.00   16724.00    3321.00    5486.00    2674.00       1.00   13178.61    3692.00    6100.00    2788.00       0.50
    -8.00    -8.00    1059.00    1562.00    3010.00    2208.00       1.00   13946.00    3262.00    5677.00    2689.00       1.00   22770.77    3611.00    6602.00    2903.00       0.50
    -7.00    -8.00    4035.00    1611.00    2937.00    2192.00       1.00   16308.00    3818.00    6302.00    2818.00       1.00   23874.88    3635.00    6833.00    2958.00       0.50
    -6.00    -8.00    2426.00    1200.00    2588.00    2124.00       1.00   21950.00    3693.00    6201.00    2793.00       1.00   25890.92    3739.00    7021.00    3009.00       0.50
    -5.00    -8.00    3208.00    1629.00    2712.00    2150.00       1.00   21105.00    3802.00    6293.00    2814.00       1.00   29855.90    3746.00    7019.00    3005.00       0.50
    -4.00    -8.00    2144.00    1205.00    2536.00    2114.00       1.00   29159.00    3649.00    6171.00    2791.00       1.00   23597.08    3716.00    7016.00    3012.00       0.50
    -3.00    -8.00     382.00    1963.00    3370.00    2273.00       1.00   26583.00    3471.00    5920.00    2788.00       1.00   26580.60    3643.00    6897.00    2981.00       0.50
    -2.00    -8.00    1533.00    1835.00    3367.00    2273.00       1.00   26643.00    3652.00    6293.00    2818.00       1.00   22621.52    3694.00    6789.00    2946.00       0.50
    -1.00    -8.00    3308.00    1898.00    3154.00    2234.00       1.00   25818.00    3721.00    6305.00    2819.00       1.00   18480.58    3855.00    7320.00    3117.00       0.50
     0.00    -8.00    2521.00    1526.00    2890.00    2185.00       1.00   25002.00    3664.00    6269.00    2808.00       1.00   24115.38    4011.00    7342.00    3120.00       0.50
     1.00    -8.00    2128.00    1430.00    2606.00    2128.00       1.00   21114.00    3693.00    6308.00    2817.00       1.00   21276.15    3802.00    7173.00    3058.00       0.50
     2.00    -8.00    1571.00    1502.00    2688.00    2145.00       1.00   19144.00    3587.00    6297.00    2814.00       1.00   24458.71    3827.00    7211.00    3069.00       0.50
     3.00    -8.00    1336.00    1337.00    2730.00    2153.00       1.00   23223.00    3671.00    6118.00    2774.00       1.00   22345.86    3891.00    7086.00    3024.00       0.50
   -10.00    -7.00     308.00    1173.00    2495.00    2104.00       1.00   10557.00    3373.00    5580.00    2715.00       1.00   19970.82    3608.00    5989.00    2763.00       0.50
    -9.00    -7.00     576.00    1942.00    3216.00    2245.00       1.00    9670.00    3177.00    5699.00    2765.00       1.00   22655.71    3568.00    5900.00    2745.00       0.50
    -8.00    -7.00    1120.00    1385.00    2842.00    2176.00       1.00   15616.00    3448.00    5718.00    2699.00       1.00   21669.62    3644.00    6089.00    2790.00       0.50
    -7.00    -7.00    4140.00    2031.00    3858.00    2356.00       1.00   23136.00    3770.00    6269.00    2811.00       1.00   20751.43    3854.00    7101.00    3039.00       0.50
    -6.00    -7.00    3443.00    1728.00    3764.00    2343.00       1.00   15731.00    3738.00    6246.00    2800.00       1.00   30887.07    3838.00    7129.00    3040.00       0.50
    -5.00    -7.00    3003.00    1600.00    3033.00    2211.00       1.00   16773.00    3816.00    6309.00    2819.00       1.00   31299.16    3850.00    6383.00    2836.00       0.50
    -4.00    -7.00     615.00    1823.00    3749.00    2340.00       1.00   18529.00    3311.00    5890.00    2800.00       1.00   29355.76    3585.00    6777.00    2948.00       0.50
    -3.00    -7.00     199.00    2601.00    4539.00    2476.00       1.00   24333.00    3384.00    6065.00    2783.00       1.00   23636.34    3527.00    6558.00    2891.00       0.50
    -2.00    -7.00     982.00    1671.00    2966.00    2199.00       1.00   26829.00    3528.00    6303.00    2819.00       1.00   21354.22    3574.00    6595.00    2893.00       0.50
    -1.00    -7.00    3366.00    1632.00    3179.00    2239.00       1.00   18764.00    3584.00    6247.00    2804.00       1.00   26757.05    3810.00    7134.00    3048.00       0.50
     0.00    -7.00    2904.00    1709.00    2957.00    2198.00       1.00   24922.00    3708.00    6296.00    2816.00       1.00   20221.33    3946.00    7191.00    3067.00       0.50
     1.00    -7.00    1766.00    1233.00    2632.00    2134.00       1.00   26085.00    3701.00    6180.00    2789.00       1.00   17333.94    3873.00    7093.00    3032.00       0.50
     2.00    -7.00    1406.00    1692.00    2969.00    2200.00       1.00   20360.00    3568.00    6242.00    2801.00       1.00   22586.27    3815.00    7118.00    3037.00       0.50
     3.00    -7.00    1214.00    1866.00    3897.00    2366.00       1.00   17966.00    3504.00    6335.00    2820.00       1.00   26092.06    3832.00    6934.00    2974.00       0.50
   -10.00    -6.00     759.00    2528.00    4400.00    2452.00       1.00   17768.00    3407.00    5643.00    2736.00       1.00   16264.39    3625.00    6497.00    2879.00       0.50
    -9.00    -6.00     685.00    1948.00    4156.00    2411.00       1.00   13819.00    3264.00    5451.00    2647.00       1.00   24335.46    3514.00    6644.00    2920.00       0.50
    -8.00    -6.00    1094.00    1235.00    2558.00    2118.00       1.00   15843.00    3499.00    5888.00    2731.00       1.00   26384.42    3632.00    6583.00    2901.00       0.50
    -7.00    -6.00    2067.00    2315.00    4459.00    2463.00       1.00   15787.00    3655.00    6246.00    2801.00       1.00   29938.54    3817.00    6514.00    2867.00       0.50
    -6.00    -6.00    2311.00    2161.00    3862.00    2360.00       1.00   20109.00    3697.00    6106.00    2774.00       1.00   25875.91    3821.00    7061.00    3024.00       0.50
    -5.00    -6.00    1179.00    1727.00    2996.00    2205.00       1.00   26305.00    3657.00    6114.00    2777.00       1.00   22855.11    3853.00    6692.00    2917.00       0.50
    -4.00    -6.00     434.00    1846.00    4007.00    2385.00       1.00   27628.00    3496.00    5904.00    2782.00       1.00   18277.43    3576.00    6769.00    2958.00       0.50
    -3.00    -6.00     300.00    1580.00    2911.00    2188.00       1.00   22745.00    3385.00    5974.00    2794.00       1.00   22515.23    3488.00    6626.00    2911.00       0.50
    -2.00    -6.00     358.00    2686.00    5564.00    2660.00       1.00   29311.00    3440.00    6196.00    2811.00       1.00   17843.45    3625.00    6780.00    2953.00       0.50
    -1.00    -6.00    1019.00    2024.00    4154.00    2410.00       1.00   18057.00    3456.00    5786.00    2807.00       1.00   33235.80    3734.00    6964.00    2990.00       0.50
     0.00    -6.00    2353.00    1574.00    3262.00    2254.00       1.00   27824.00    3748.00    6221.00    2801.00       1.00   17948.93    3936.00    7321.00    3121.00       0.50
     1.00    -6.00    2064.00    1654.00    3152.00    2234.00       1.00   25188.00    3736.00    6303.00    2818.00       1.00   18941.43    3929.00    7265.00    3096.00       0.50
     2.00    -6.00    1409.00    1596.00    3294.00    2260.00       1.00   23843.00    3610.00    6302.00    2815.00       1.00   21994.12    3969.00    7232.00    3078.00       0.50
     3.00    -6.00    1546.00    1834.00    3308.00    2263.00       1.00   22289.00    3599.00    6251.00    2801.00       1.00   23481.06    3927.00    7198.00    3061.00       0.50
   -10.00    -5.00     313.00    1838.00    3107.00    2225.00       1.00   15442.00    3338.00    5570.00    2705.00       1.00   23428.27    3625.00    6668.00    2922.00       0.50
    -9.00    -5.00     577.00    1283.00    2513.00    2109.00       1.00   14232.00    3358.00    5560.00    2667.00       1.00   26894.52    3635.00    6685.00    2927.00       0.50
    -8.00    -5.00     549.00    1921.00    3401.00    2279.00       1.00   14722.00    3398.00    5736.00    2764.00       1.00   24859.91    3692.00    6741.00    2936.00       0.50
    -7.00    -5.00    1582.00    2152.00    3594.00    2313.00       1.00   16945.00    3657.00    6300.00    2816.00       1.00   24815.52    3749.00    6768.00    2944.00       0.50
    -6.00    -5.00    2058.00    2416.00    5245.00    2601.00       1.00   14841.00    3590.00    6155.00    2782.00       1.00   28496.65    3789.00    6461.00    2857.00       0.50
    -5.00    -5.00    2372.00    2642.00    4601.00    2486.00       1.00   17173.00    3526.00    5940.00    2741.00       1.00   27922.09    3729.00    6302.00    2824.00       0.50
    -4.00    -5.00     614.00    1970.00    4224.00    2422.00       1.00   25286.00    3429.00    5904.00    2790.00       1.00   22116.35    3648.00    6852.00    2971.00       0.50
    -3.00    -5.00     759.00    1668.00    2991.00    2204.00       1.00   24743.00    3455.00    5701.00    2812.00       1.00   19643.08    3618.00    6467.00    2875.00       0.50
    -2.00    -5.00     902.00    1492.00    2767.00    2161.00       1.00   29010.00    3447.00    6202.00    2803.00       1.00   22395.92    3759.00    7138.00    3069.00       0.50
    -1.00    -5.00     521.00    2926.00    5070.00    2569.00       1.00   23833.00    3472.00    6020.00    2788.00       1.00   27438.27    3806.00    7186.00    3080.00       0.50
     0.00    -5.00    1385.00    3419.00    5668.00    2680.00       1.00   19194.00    3486.00    6085.00    2818.00       1.00   23400.37    3858.00    6967.00    3004.00       0.50
     1.00    -5.00    2061.00    1810.00    3895.00    2366.00       1.00   23538.00    3687.00    6137.00    2778.00       1.00   20651.57    3984.00    6748.00    2925.00       0.50
     2.00    -5.00    1689.00    1588.00    3245.00    2251.00       1.00   27902.00    3658.00    6295.00    2812.00       1.00   19405.45    4054.00    7307.00    3105.00       0.50
     3.00    -5.00    1689.00    2323.00    3987.00    2382.00       1.00   23233.00    3590.00    6244.00    2800.00       1.00   20751.44    3888.00    7325.00    3110.00       0.50
   -10.00    -4.00    1090.00    2662.00    4959.00    2549.00       1.00   14458.00    3534.00    5905.00    2802.00       1.00   23805.79    3709.00    6592.00    2902.00       0.50
    -9.00    -4.00     562.00    2801.00    4655.00    2496.00       1.00   14438.00    3547.00    5903.00    2771.00       1.00   23491.70    3752.00    6513.00    2883.00       0.50
    -8.00    -4.00     561.00    3239.00    5758.00    2698.00       1.00   13267.00    3350.00    5996.00    2758.00       1.00   27375.66    3654.00    6884.00    2976.00       0.50
    -7.00    -4.00    1689.00    3057.00    5243.00    2600.00       1.00   15937.00    3470.00    5766.00    2777.00       1.00   27762.66    3795.00    6567.00    2885.00       0.50
    -6.00    -4.00    1637.00    2899.00    5702.00    2687.00       1.00   16867.00    3553.00    5999.00    2793.00       1.00   30658.36    3843.00    6688.00    2913.00       0.50
    -5.00    -4.00    3343.00    2627.00    4538.00    2476.00       1.00   17773.00    3556.00    6034.00    2758.00       1.00   25448.31    3850.00    6883.00    2969.00       0.50
    -4.00    -4.00    4062.00    2255.00    3758.00    2340.00       1.00   27645.00    3762.00    6268.00    2815.00       1.00   13208.65    3797.00    7110.00    3048.00       0.50
    -3.00    -4.00    1522.00    2133.00    3775.00    2345.00       1.00   17361.00    3582.00    5972.00    2751.00       1.00   29054.44    3641.00    6857.00    2979.00       0.50
    -2.00    -4.00     463.00    2012.00    3533.00    2302.00       1.00   18087.00    3428.00    5703.00    2746.00       1.00   29186.42    3638.00    6809.00    2962.00       0.50
    -1.00    -4.00     348.00    2275.00    4777.00    2518.00       1.00   19991.00    3489.00    6150.00    2789.00       1.00   26418.98    3671.00    6842.00    2973.00       0.50
     0.00    -4.00     852.00    2190.00    4426.00    2456.00       1.00   18768.00    3514.00    5856.00    2792.00       1.00   30368.77    3860.00    6908.00    2976.00       0.50
     1.00    -4.00    2391.00    1674.00    3375.00    2275.00       1.00   25562.00    3724.00    6194.00    2788.00       1.00   22314.06    4082.00    7065.00    3016.00       0.50
     2.00    -4.00    2837.00    1925.00    3676.00    2328.00       1.00   25143.00    3715.00    6246.00    2799.00       1.00   22304.71    4139.00    6874.00    2955.00       0.50
     3.00    -4.00    3073.00    1987.00    4047.00    2389.00       1.00   16576.00    3628.00    6067.00    2761.00       1.00   24637.51    3846.00    7257.00    3083.00       0.50
   -10.00    -3.00     370.00    1533.00    2788.00    2164.00       1.00   13218.00    3534.00    5909.00    2790.00       1.00   20347.16    3556.00    6195.00    2804.00       0.50
    -9.00    -3.00     384.00    1449.00    2475.00    2100.00       1.00   23474.00    3552.00    5877.00    2797.00       1.00   12923.94    3529.00    6426.00    2862.00       0.50
    -8.00    -3.00    1004.00    2521.00    4661.00    2497.00       1.00   18798.00    3535.00    5918.00    2814.00       1.00   22283.66    3660.00    6909.00    2984.00       0.50
    -7.00    -3.00    1196.00    2664.00    5032.00    2562.00       1.00   16734.00    3498.00    5942.00    2815.00       1.00   21655.21    3748.00    6652.00    2913.00       0.50
    -6.00    -3.00    1286.00    2948.00    5715.00    2689.00       1.00   19400.00    3535.00    6096.00    2813.00       1.00   21467.89    3783.00    6870.00    2975.00       0.50
    -5.00    -3.00    1283.00    1657.00    3160.00    2236.00       1.00   22665.00    3565.00    6182.00    2794.00       1.00   16866.85    3859.00    6597.00    2903.00       0.50
    -4.00    -3.00    2446.00    1628.00    3030.00    2210.00       1.00   21015.00    3681.00    6150.00    2790.00       1.00   18499.47    3732.00    7020.00    3027.00       0.50
    -3.00    -3.00    1990.00    2738.00    5398.00    2630.00       1.00   14291.00    3246.00    5369.00    2630.00       1.00   26745.51    3644.00    6875.00    2980.00       0.50
    -2.00    -3.00    1156.00    1673.00    3120.00    2228.00       1.00   15914.00    3615.00    6093.00    2774.00       1.00   28173.63    3733.00    6867.00    2978.00       0.50
    -1.00    -3.00    1049.00    2942.00    5560.00    2659.00       1.00   18785.00    3544.00    5948.00    2770.00       1.00   24919.24    3759.00    7115.00    3051.00       0.50
     0.00    -3.00    1878.00    1700.00    3612.00    2317.00       1.00   19713.00    3665.00    6102.00    2772.00       1.00   28178.69    3881.00    7243.00    3085.00       0.50
     1.00    -3.00    2671.00    1990.00    4123.00    2405.00       1.00   21477.00    3633.00    6210.00    2792.00       1.00   27810.45    3942.00    7304.00    3101.00       0.50
     2.00    -3.00    2318.00    2031.00    4406.00    2454.00       1.00   18661.00    3628.00    6020.00    2751.00       1.00   27525.92    3868.00    7130.00    3039.00       0.50
     3.00    -3.00    2147.00    1403.00    2575.00    2122.00       1.00   19707.00    3635.00    6312.00    2816.00       1.00   26980.23    3828.00    7257.00    3086.00       0.50
   -10.00    -2.00     320.00    1798.00    3448.00    2287.00       1.00   10002.00    3375.00    5727.00    2730.00       1.00   19262.10    3624.00    6066.00    2775.00       0.50
    -9.00    -2.00     273.00    2960.00    5118.00    2578.00       1.00   16409.00    3450.00    6072.00    2782.00       1.00   15943.84    3552.00    5975.00    2757.00       0.50
    -8.00    -2.00     306.00    1835.00    3814.00    2351.00       1.00   19469.00    3533.00    5926.00    2769.00       1.00   14930.87    3569.00    6101.00    2785.00       0.50
    -7.00    -2.00     299.00    1849.00    3200.00    2242.00       1.00   17773.00    3508.00    5857.00    2761.00       1.00   22369.73    3720.00    6859.00    2970.00       0.50
    -6.00    -2.00     988.00    2537.00    4526.00    2474.00       1.00   15573.00    3514.00    5850.00    2802.00       1.00   25237.50    3766.00    6707.00    2928.00       0.50
    -5.00    -2.00    1470.00    2666.00    5499.00    2648.00       1.00   20649.00    3485.00    5806.00    2717.00       1.00   17645.75    3617.00    6845.00    2973.00       0.50
    -4.00    -2.00     698.00    2112.00    3659.00    2325.00       1.00   22283.00    3426.00    5714.00    2699.00       1.00   20488.06    3781.00    7148.00    3070.00       0.50
    -3.00    -2.00     405.00    1876.00    3308.00    2262.00       1.00   18059.00    3345.00    5531.00    2707.00       1.00   20985.11    3730.00    6921.00    2996.00       0.50
    -2.00    -2.00     564.00    2271.00    3949.00    2374.00       1.00   21352.00    3612.00    5980.00    2811.00       1.00   22865.58    3749.00    6856.00    2973.00       0.50
    -1.00    -2.00    2325.00    2236.00    4670.00    2499.00       1.00   20358.00    3653.00    6089.00    2767.00       1.00   25413.07    3893.00    6858.00    2959.00       0.50
     0.00    -2.00    2939.00    2216.00    4362.00    2446.00       1.00   18459.00    3633.00    6017.00    2751.00       1.00   28377.94    3948.00    7052.00    3014.00       0.50
     1.00    -2.00    3011.00    2175.00    3922.00    2370.00       1.00   23236.00    3695.00    6142.00    2776.00       1.00   21052.06    4038.00    6995.00    2992.00       0.50
     2.00    -2.00    2805.00    2053.00    4470.00    2465.00       1.00   20314.00    3628.00    6080.00    2763.00       1.00   24181.22    3892.00    7195.00    3059.00       0.50
     3.00    -2.00    2555.00    2087.00    4382.00    2450.00       1.00   25172.00    3715.00    6259.00    2801.00       1.00   21317.03    3958.00    7223.00    3068.00       0.50
   -10.00    -1.00     318.00    2144.00    4235.00    2424.00       1.00   10398.00    3315.00    6053.00    2792.00       1.00   18028.55    3596.00    6562.00    2889.00       0.50
    -9.00    -1.00     295.00    3153.00    5513.00    2650.00       1.00    9742.00    3270.00    6038.00    2767.00       1.00   18425.07    3572.00    6563.00    2889.00       0.50
    -8.00    -1.00     377.00    2651.00    4686.00    2501.00       1.00    7753.00    3313.00    5838.00    2739.00       1.00   19623.81    3578.00    6023.00    2765.00       0.50
    -7.00    -1.00     454.00    2242.00    4857.00    2531.00       1.00   21666.00    3491.00    5962.00    2776.00       1.00    9775.34    3670.00    6265.00    2827.00       0.50
    -6.00    -1.00     269.00    2072.00    4059.00    2394.00       1.00   13320.00    3367.00    5664.00    2686.00       1.00   20813.07    3604.00    6160.00    2800.00       0.50
    -5.00    -1.00     520.00    1518.00    2945.00    2195.00       1.00   18081.00    3390.00    5695.00    2696.00       1.00   15861.56    3576.00    6297.00    2836.00       0.50
    -4.00    -1.00     509.00    1296.00    2606.00    2128.00       1.00   19091.00    3381.00    5589.00    2750.00       1.00   16719.77    3708.00    6310.00    2833.00       0.50
    -3.00    -1.00    1011.00    2483.00    4245.00    2425.00       1.00   19019.00    3457.00    5736.00    2795.00       1.00   15320.60    3698.00    6603.00    2908.00       0.50
    -2.00    -1.00     938.00    2347.00    4590.00    2485.00       1.00   22103.00    3562.00    5925.00    2815.00       1.00   21983.84    3779.00    6900.00    2984.00       0.50
    -1.00    -1.00    1330.00    2688.00    5225.00    2598.00       1.00   19413.00    3568.00    6095.00    2769.00       1.00   28969.68    3796.00    7129.00    3045.00       0.50
     0.00    -1.00    4295.00    2235.00    4427.00    2453.00       1.00   18105.00    3712.00    6303.00    2812.00       1.00   26274.73    3926.00    7253.00    3082.00       0.50
     1.00    -1.00    3521.00    2344.00    4061.00    2391.00       1.00   17195.00    3713.00    6201.00    2789.00       1.00   26379.22    3892.00    7151.00    3044.00       0.50
     2.00    -1.00    2500.00    2262.00    3845.00    2357.00       1.00   18241.00    3707.00    6275.00    2805.00       1.00   26700.40    3845.00    6985.00    2988.00       0.50
     3.00    -1.00    2497.00    2414.00    5006.00    2558.00       1.00   18060.00    3658.00    6135.00    2775.00       1.00   26221.56    3870.00    7258.00    3082.00       0.50
