.00    0.4075430
.10    0.4305049
.20    0.4488871
.30    0.4622274
.40    0.4702785
.50    0.4730255
.60    0.4706903
.70    0.4637221
.80    0.4527709
.90    0.4386442
1.00    0.4222468
1.10    0.4045069
1.20    0.3862954
1.30    0.3683438
1.40    0.3511732
1.50    0.3350421
1.60    0.3199216
1.70    0.3055026
1.80    0.2912358
1.90    0.2764001
2.00    0.2601914
2.10    0.2418211
2.20    0.2206123
2.30    0.1960830
2.40    0.1680081
2.50    0.1364546
2.60    0.1017902
2.70    0.0646663
2.80    0.0259807
2.90   -0.0131750
3.00   -0.0515779
3.10   -0.0879422
3.20   -0.1209908
3.30   -0.1495262
3.40   -0.1725018
3.50   -0.1890884
3.60   -0.1987338
3.70   -0.2012105
3.80   -0.1966452
3.90   -0.1855253
4.00   -0.1686768
4.10   -0.1472128
4.20   -0.1224546
4.30   -0.0958290
4.40   -0.0687549
4.50   -0.0425270
4.60   -0.0182129
4.70    0.0034262
4.80    0.0219813
4.90    0.0374028
5.00    0.0499689
5.10    0.0602200
5.20    0.0688667
5.30    0.0766857
5.40    0.0844124
5.50    0.0926471
5.60    0.1017821
5.70    0.1119577
5.80    0.1230522
5.90    0.1347024
6.00    0.1463535
6.10    0.1573274
6.20    0.1669037
6.30    0.1744001
6.40    0.1792446
6.50    0.1810315
6.60    0.1795556
6.70    0.1748227
6.80    0.1670377
6.90    0.1565743
7.00    0.1439301
7.10    0.1296759
7.20    0.1144037
7.30    0.0986794
7.40    0.0830044
7.50    0.0677884
7.60    0.0533345
7.70    0.0398355
7.80    0.0273804
7.90    0.0159693
8.00    0.0055342
8.10   -0.0040369
8.20   -0.0128746
8.30   -0.0211035
8.40   -0.0288217
8.50   -0.0360843
8.60   -0.0428942
8.70   -0.0492008
8.80   -0.0549056
8.90   -0.0598751
9.00   -0.0639596
9.10   -0.0670137
9.20   -0.0689175
9.30   -0.0695949
9.40   -0.0690260
9.50   -0.0672532
9.60   -0.0643781
9.70   -0.0605532
9.80   -0.0559661
9.90   -0.0508218
10.00   -0.0453241
10.10   -0.0396585
10.20   -0.0339796
10.30   -0.0284042
10.40   -0.0230089
10.50   -0.0178343
10.60   -0.0128920
10.70   -0.0081748
10.80   -0.0036671
10.90    0.0006459
11.00    0.0047709
11.10    0.0087031
11.20    0.0124260
11.30    0.0159149
11.40    0.0191428
11.50    0.0220879
11.60    0.0247411
11.70    0.0271123
11.80    0.0292338
11.90    0.0311602
12.00    0.0329646
12.10    0.0347311
12.20    0.0365441
12.30    0.0384775
12.40    0.0405834
12.50    0.0428833
12.60    0.0453640
12.70    0.0479778
12.80    0.0506475
12.90    0.0532774
13.00    0.0557664
13.10    0.0580235
13.20    0.0599822
13.30    0.0616137
13.40    0.0629345
13.50    0.0640106
13.60    0.0649548
13.70    0.0659197
13.80    0.0670855
13.90    0.0686443
14.00    0.0707819
14.10    0.0736588
14.20    0.0773914
14.30    0.0820350
14.40    0.0875707
14.50    0.0938969
14.60    0.1008277
14.70    0.1080987
14.80    0.1153801
14.90    0.1222977
15.00    0.1284599
15.10    0.1334874
15.20    0.1370437
15.30    0.1388629
15.40    0.1387705
15.50    0.1366957
15.60    0.1326732
15.70    0.1268348
15.80    0.1193907
15.90    0.1106047
16.00    0.1007648
16.10    0.0901536
16.20    0.0790214
16.30    0.0675656
16.40    0.0559181
16.50    0.0441424
16.60    0.0322405
16.70    0.0201687
16.80    0.0078611
16.90   -0.0047434
17.00   -0.0176722
17.10   -0.0308935
17.20   -0.0442981
17.30   -0.0576899
17.40   -0.0707905
17.50   -0.0832545
17.60   -0.0946987
17.70   -0.1047385
17.80   -0.1130293
17.90   -0.1193062
18.00   -0.1234174
18.10   -0.1253450
18.20   -0.1252110
18.30   -0.1232669
18.40   -0.1198674
18.50   -0.1154333
18.60   -0.1104060
18.70   -0.1052026
18.80   -0.1001751
18.90   -0.0955806
19.00   -0.0915639
19.10   -0.0881564
19.20   -0.0852873
19.30   -0.0828075
19.40   -0.0805195
19.50   -0.0782107
19.60   -0.0756839
19.70   -0.0727822
19.80   -0.0694054
19.90   -0.0655170
20.00   -0.0611421
20.10   -0.0563579
20.20   -0.0512792
20.30   -0.0460420
20.40   -0.0407872
20.50   -0.0356472
20.60   -0.0307353
20.70   -0.0261411
20.80   -0.0219280
20.90   -0.0181351
21.00   -0.0147810
21.10   -0.0118682
21.20   -0.0093879
21.30   -0.0073241
21.40   -0.0056557
21.50   -0.0043587
21.60   -0.0034058
21.70   -0.0027666
21.80   -0.0024061
21.90   -0.0022838
22.00   -0.0023536
22.10   -0.0025632
22.20   -0.0028549
22.30   -0.0031679
22.40   -0.0034395
22.50   -0.0036092
22.60   -0.0036216
22.70   -0.0034298
22.80   -0.0029992
22.90   -0.0023100
23.00   -0.0013593
23.10   -0.0001624
23.20    0.0012476
23.30    0.0028213
23.40    0.0044955
23.50    0.0061972
23.60    0.0078488
23.70    0.0093729
23.80    0.0106982
23.90    0.0117646
24.00    0.0125274
24.10    0.0129604
24.20    0.0130574
24.30    0.0128313
24.40    0.0123126
24.50    0.0115457
24.60    0.0105838
24.70    0.0094844
24.80    0.0083035
24.90    0.0070913
25.00    0.0058879
25.10    0.0047210
25.20    0.0036039
25.30    0.0025361
25.40    0.0015033
25.50    0.0004802
25.60   -0.0005674
25.70   -0.0016782
25.80   -0.0028924
25.90   -0.0042464
26.00   -0.0057688
26.10   -0.0074758
26.20   -0.0093676
26.30   -0.0114256
26.40   -0.0136108
26.50   -0.0158645
26.60   -0.0181109
26.70   -0.0202615
26.80   -0.0222220
26.90   -0.0238997
27.00   -0.0252119
27.10   -0.0260936
27.20   -0.0265037
27.30   -0.0264285
27.40   -0.0258835
27.50   -0.0249104
27.60   -0.0235730
27.70   -0.0219502
27.80   -0.0201279
27.90   -0.0181907
28.00   -0.0162148
28.10   -0.0142623
28.20   -0.0123777
28.30   -0.0105865
28.40   -0.0088965
28.50   -0.0073004
28.60   -0.0057799
28.70   -0.0043103
28.80   -0.0028653
28.90   -0.0014215
29.00    0.0000378
29.10    0.0015199
29.20    0.0030211
29.30    0.0045259
29.40    0.0060079
29.50    0.0074312
29.60    0.0087538
29.70    0.0099305
29.80    0.0109174
29.90    0.0116757
30.00    0.0121756
30.10    0.0123994
30.20    0.0123428
30.30    0.0120157
30.40    0.0114409
30.50    0.0106516
30.60    0.0096876
30.70    0.0085917
30.80    0.0074047
30.90    0.0061622
31.00    0.0048912
31.10    0.0036084
31.20    0.0023203
31.30    0.0010236
31.40   -0.0002915
31.50   -0.0016387
31.60   -0.0030312
31.70   -0.0044778
31.80   -0.0059796
31.90   -0.0075267
32.00   -0.0090975
32.10   -0.0106582
32.20   -0.0121653
32.30   -0.0135684
32.40   -0.0148145
32.50   -0.0158534
32.60   -0.0166425
32.70   -0.0171508
32.80   -0.0173619
32.90   -0.0172755
33.00   -0.0169070
33.10   -0.0162847
33.20   -0.0154474
33.30   -0.0144391
33.40   -0.0133059
33.50   -0.0120911
33.60   -0.0108332
33.70   -0.0095636
33.80   -0.0083063
33.90   -0.0070788
34.00   -0.0058927
34.10   -0.0047562
34.20   -0.0036756
34.30   -0.0026569
34.40   -0.0017066
34.50   -0.0008322
34.60   -0.0000425
34.70    0.0006540
34.80    0.0012489
34.90    0.0017362
35.00    0.0021121
35.10    0.0023767
35.20    0.0025338
35.30    0.0025912
35.40    0.0025602
35.50    0.0024551
35.60    0.0022918
35.70    0.0020870
35.80    0.0018572
35.90    0.0016178
36.00    0.0013821
36.10    0.0011614
36.20    0.0009642
36.30    0.0007971
36.40    0.0006645
36.50    0.0005696
36.60    0.0005144
36.70    0.0005008
36.80    0.0005305
36.90    0.0006061
37.00    0.0007306
37.10    0.0009080
37.20    0.0011433
37.30    0.0014419
37.40    0.0018100
37.50    0.0022537
37.60    0.0027786
37.70    0.0033889
37.80    0.0040866
37.90    0.0048705
38.00    0.0057348
38.10    0.0066687
38.20    0.0076548
38.30    0.0086695
38.40    0.0096827
38.50    0.0106593
38.60    0.0115607
38.70    0.0123474
38.80    0.0129821
38.90    0.0134331
39.00    0.0136773
39.10    0.0137025
39.20    0.0135094
39.30    0.0131112
39.40    0.0125330
39.50    0.0118093
39.60    0.0109807
39.70    0.0100900
39.80    0.0091785
39.90    0.0082823
40.00    0.0074296
40.10    0.0066395
40.20    0.0059211
40.30    0.0052740
40.40    0.0046903
40.50    0.0041561
40.60    0.0036541
40.70    0.0031653
40.80    0.0026716
40.90    0.0021571
41.00    0.0016090
41.10    0.0010189
41.20    0.0003828
41.30   -0.0002985
41.40   -0.0010191
41.50   -0.0017686
41.60   -0.0025319
41.70   -0.0032899
41.80   -0.0040205
41.90   -0.0046998
42.00   -0.0053031
42.10   -0.0058073
42.20   -0.0061925
42.30   -0.0064438
42.40   -0.0065525
42.50   -0.0065174
42.60   -0.0063446
42.70   -0.0060477
42.80   -0.0056457
42.90   -0.0051622
43.00   -0.0046228
43.10   -0.0040532
43.20   -0.0034773
43.30   -0.0029154
43.40   -0.0023832
43.50   -0.0018914
43.60   -0.0014451
43.70   -0.0010452
43.80   -0.0006884
43.90   -0.0003687
44.00   -0.0000787
44.10    0.0001897
44.20    0.0004436
44.30    0.0006887
44.40    0.0009286
44.50    0.0011643
44.60    0.0013941
44.70    0.0016140
44.80    0.0018181
44.90    0.0019994
45.00    0.0021505
45.10    0.0022643
45.20    0.0023353
45.30    0.0023599
45.40    0.0023371
45.50    0.0022684
45.60    0.0021579
45.70    0.0020122
45.80    0.0018390
45.90    0.0016475
46.00    0.0014467
46.10    0.0012452
46.20    0.0010505
46.30    0.0008687
46.40    0.0007042
46.50    0.0005595
46.60    0.0004357
46.70    0.0003326
46.80    0.0002489
46.90    0.0001825
47.00    0.0001312
47.10    0.0000925
47.20    0.0000639
47.30    0.0000433
47.40    0.0000287
47.50    0.0000187
47.60    0.0000119
47.70    0.0000074
47.80    0.0000046
47.90    0.0000027
48.00    0.0000016
48.10    0.0000009
48.20    0.0000005
48.30    0.0000003
48.40    0.0000002
48.50    0.0000001
48.60    0.0000000
48.70    0.0000000
48.80    0.0000000
48.90    0.0000000
49.00    0.0000000
49.10    0.0000000
49.20    0.0000000
49.30    0.0000000
49.40    0.0000000
49.50    0.0000000
49.60    0.0000000
49.70    0.0000000
49.80    0.0000000
49.90    0.0000000
50.00    0.0000000
50.10    0.0000000
50.20    0.0000000
50.30    0.0000000
50.40    0.0000000
50.50    0.0000000
50.60    0.0000000
50.70    0.0000000
50.80    0.0000000
50.90    0.0000000
51.00    0.0000000
51.10    0.0000000
51.20    0.0000000
51.30    0.0000000
51.40    0.0000000
51.50    0.0000000
51.60    0.0000000
51.70    0.0000000
51.80   -0.0000000
51.90   -0.0000000
52.00    0.0000000
52.10    0.0000000
52.20    0.0000000
52.30    0.0000000
52.40    0.0000000
52.50    0.0000000
52.60    0.0000000
52.70    0.0000000
52.80    0.0000000
52.90    0.0000000
53.00    0.0000000
53.10    0.0000000
53.20    0.0000000
53.30    0.0000000
53.40    0.0000000
53.50    0.0000000
53.60    0.0000000
53.70    0.0000000
53.80    0.0000000
53.90   -0.0000000
54.00   -0.0000000
54.10   -0.0000000
54.20    0.0000000
54.30   -0.0000000
54.40   -0.0000000
54.50   -0.0000000
54.60   -0.0000000
54.70   -0.0000000
54.80   -0.0000000
54.90   -0.0000000
55.00   -0.0000000
55.10   -0.0000000
55.20   -0.0000000
55.30   -0.0000000
55.40   -0.0000000
55.50   -0.0000000
55.60   -0.0000000
55.70   -0.0000000
55.80    0.0000000
55.90    0.0000000
56.00    0.0000000
56.10    0.0000000
56.20    0.0000000
56.30    0.0000000
56.40    0.0000000
56.50    0.0000000
56.60    0.0000000
56.70    0.0000000
56.80    0.0000000
56.90    0.0000000
57.00    0.0000000
57.10    0.0000000
57.20    0.0000000
57.30    0.0000000
57.40    0.0000000
57.50    0.0000000
57.60    0.0000000
57.70    0.0000000
57.80    0.0000000
57.90    0.0000000
58.00    0.0000000
58.10    0.0000000
58.20    0.0000000
58.30    0.0000000
58.40    0.0000000
58.50    0.0000000
58.60    0.0000000
58.70    0.0000000
58.80    0.0000000
58.90    0.0000000
59.00    0.0000000
59.10    0.0000000
59.20    0.0000000
59.30   -0.0000000
59.40   -0.0000000
59.50   -0.0000000
59.60   -0.0000000
59.70   -0.0000000
59.80   -0.0000000
59.90   -0.0000000
60.00   -0.0000000
60.10   -0.0000000
60.20   -0.0000000
60.30   -0.0000000
60.40   -0.0000000
60.50   -0.0000000
60.60   -0.0000000
60.70   -0.0000000
60.80   -0.0000000
60.90   -0.0000000
61.00   -0.0000000
61.10   -0.0000000
61.20   -0.0000000
61.30   -0.0000000
61.40   -0.0000000
61.50    0.0000000
61.60   -0.0000000
61.70    0.0000000
61.80   -0.0000000
61.90   -0.0000000
62.00   -0.0000000
62.10   -0.0000000
62.20   -0.0000000
62.30   -0.0000000
62.40   -0.0000000
62.50    0.0000000
62.60    0.0000000
62.70   -0.0000000
62.80    0.0000000
62.90    0.0000000
63.00   -0.0000000
63.10   -0.0000000
63.20    0.0000000
63.30   -0.0000000
63.40   -0.0000000
63.50   -0.0000000
63.60    0.0000000
63.70   -0.0000000
63.80    0.0000000
63.90   -0.0000000
64.00    0.0000000
64.10    0.0000000
64.20    0.0000000
64.30    0.0000000
64.40    0.0000000
64.50    0.0000000
64.60    0.0000000
64.70    0.0000000
64.80    0.0000000
64.90    0.0000000
65.00    0.0000000
65.10    0.0000000
65.20    0.0000000
65.30    0.0000000
65.40    0.0000000
65.50    0.0000000
65.60    0.0000000
65.70    0.0000000
65.80    0.0000000
65.90    0.0000000
66.00    0.0000000
66.10    0.0000000
66.20    0.0000000
66.30    0.0000000
66.40    0.0000000
66.50    0.0000000
66.60    0.0000000
66.70    0.0000000
66.80    0.0000000
66.90    0.0000000
67.00    0.0000000
67.10    0.0000000
67.20    0.0000000
67.30    0.0000000
67.40    0.0000000
67.50    0.0000000
67.60    0.0000000
67.70    0.0000000
67.80    0.0000000
67.90    0.0000000
68.00    0.0000000
68.10    0.0000000
68.20    0.0000000
68.30   -0.0000000
68.40   -0.0000000
68.50   -0.0000000
68.60   -0.0000000
68.70   -0.0000000
68.80   -0.0000000
68.90   -0.0000000
69.00   -0.0000000
69.10   -0.0000000
69.20   -0.0000000
69.30   -0.0000000
69.40   -0.0000000
69.50   -0.0000000
69.60   -0.0000000
69.70   -0.0000000
69.80   -0.0000000
69.90   -0.0000000
70.00   -0.0000000
-20.00   -0.0032494
-19.90   -0.0051390
-19.80   -0.0067032
-19.70   -0.0079215
-19.60   -0.0087866
-19.50   -0.0093029
-19.40   -0.0094863
-19.30   -0.0093621
-19.20   -0.0089635
-19.10   -0.0083296
-19.00   -0.0075033
-18.90   -0.0065283
-18.80   -0.0054478
-18.70   -0.0043022
-18.60   -0.0031281
-18.50   -0.0019575
-18.40   -0.0008182
-18.30    0.0002661
-18.20    0.0012748
-18.10    0.0021901
-18.00    0.0029958
-17.90    0.0036775
-17.80    0.0042227
-17.70    0.0046209
-17.60    0.0048645
-17.50    0.0049493
-17.40    0.0048750
-17.30    0.0046456
-17.20    0.0042694
-17.10    0.0037583
-17.00    0.0031278
-16.90    0.0023955
-16.80    0.0015815
-16.70    0.0007069
-16.60   -0.0002061
-16.50   -0.0011343
-16.40   -0.0020539
-16.30   -0.0029409
-16.20   -0.0037707
-16.10   -0.0045198
-16.00   -0.0051658
-15.90   -0.0056890
-15.80   -0.0060738
-15.70   -0.0063098
-15.60   -0.0063927
-15.50   -0.0063248
-15.40   -0.0061151
-15.30   -0.0057787
-15.20   -0.0053355
-15.10   -0.0048083
-15.00   -0.0042217
-14.90   -0.0035996
-14.80   -0.0029643
-14.70   -0.0023350
-14.60   -0.0017271
-14.50   -0.0011527
-14.40   -0.0006200
-14.30   -0.0001346
-14.20    0.0002999
-14.10    0.0006815
-14.00    0.0010090
-13.90    0.0012814
-13.80    0.0014981
-13.70    0.0016589
-13.60    0.0017640
-13.50    0.0018144
-13.40    0.0018121
-13.30    0.0017599
-13.20    0.0016618
-13.10    0.0015221
-13.00    0.0013454
-12.90    0.0011359
-12.80    0.0008973
-12.70    0.0006320
-12.60    0.0003414
-12.50    0.0000256
-12.40   -0.0003156
-12.30   -0.0006828
-12.20   -0.0010756
-12.10   -0.0014919
-12.00   -0.0019276
-11.90   -0.0023754
-11.80   -0.0028250
-11.70   -0.0032630
-11.60   -0.0036740
-11.50   -0.0040414
-11.40   -0.0043484
-11.30   -0.0045801
-11.20   -0.0047248
-11.10   -0.0047747
-11.00   -0.0047273
-10.90   -0.0045856
-10.80   -0.0043576
-10.70   -0.0040554
-10.60   -0.0036945
-10.50   -0.0032920
-10.40   -0.0028649
-10.30   -0.0024291
-10.20   -0.0019983
-10.10   -0.0015829
-10.00   -0.0011900
-9.90   -0.0008236
-9.80   -0.0004849
-9.70   -0.0001732
-9.60    0.0001134
-9.50    0.0003771
-9.40    0.0006194
-9.30    0.0008412
-9.20    0.0010420
-9.10    0.0012200
-9.00    0.0013726
-8.90    0.0014966
-8.80    0.0015890
-8.70    0.0016472
-8.60    0.0016697
-8.50    0.0016567
-8.40    0.0016099
-8.30    0.0015326
-8.20    0.0014296
-8.10    0.0013070
-8.00    0.0011710
-7.90    0.0010284
-7.80    0.0008852
-7.70    0.0007469
-7.60    0.0006176
-7.50    0.0005006
-7.40    0.0003978
-7.30    0.0003098
-7.20    0.0002365
-7.10    0.0001770
-7.00    0.0001298
-6.90    0.0000933
-6.80    0.0000658
-6.70    0.0000454
-6.60    0.0000308
-6.50    0.0000204
-6.40    0.0000133
-6.30    0.0000085
-6.20    0.0000053
-6.10    0.0000032
-6.00    0.0000019
-5.90    0.0000011
-5.80    0.0000007
-5.70    0.0000004
-5.60    0.0000002
-5.50    0.0000001
-5.40    0.0000001
-5.30    0.0000000
-5.20    0.0000000
-5.10    0.0000000
-5.00    0.0000000
-4.90    0.0000000
-4.80    0.0000000
-4.70    0.0000000
-4.60    0.0000000
-4.50    0.0000000
-4.40    0.0000000
-4.30    0.0000000
-4.20    0.0000000
-4.10    0.0000000
-4.00    0.0000000
-3.90    0.0000000
-3.80    0.0000000
-3.70    0.0000000
-3.60    0.0000000
-3.50    0.0000000
-3.40    0.0000000
-3.30    0.0000000
-3.20    0.0000000
-3.10    0.0000000
-3.00    0.0000000
-2.90    0.0000000
-2.80   -0.0000000
-2.70   -0.0000000
-2.60   -0.0000000
-2.50    0.0000000
-2.40   -0.0000000
-2.30    0.0000000
-2.20   -0.0000000
-2.10    0.0000000
-2.00   -0.0000000
-1.90    0.0000000
-1.80   -0.0000000
-1.70   -0.0000000
-1.60   -0.0000000
-1.50    0.0000000
-1.40   -0.0000000
-1.30    0.0000000
-1.20    0.0000000
-1.10   -0.0000000
-1.00   -0.0000000
-.90   -0.0000000
-.80    0.0000000
-.70    0.0000000
-.60    0.0000000
-.50   -0.0000000
-.40   -0.0000000
-.30   -0.0000000
-.20   -0.0000000
-.10   -0.0000000
.00   -0.0000000
.10   -0.0000000
.20   -0.0000000
.30   -0.0000000
.40   -0.0000000
.50   -0.0000000
.60   -0.0000000
.70    0.0000000
.80   -0.0000000
.90    0.0000000
1.00   -0.0000000
1.10    0.0000000
1.20   -0.0000000
1.30    0.0000000
1.40   -0.0000000
1.50    0.0000000
1.60   -0.0000000
1.70    0.0000000
1.80    0.0000000
1.90    0.0000000
2.00    0.0000000
2.10    0.0000000
2.20    0.0000000
2.30    0.0000000
2.40    0.0000000
2.50    0.0000000
2.60    0.0000000
2.70    0.0000000
2.80    0.0000000
2.90    0.0000000
3.00    0.0000000
3.10    0.0000000
3.20    0.0000000
3.30    0.0000000
3.40    0.0000000
3.50    0.0000000
3.60    0.0000000
3.70    0.0000000
3.80   -0.0000000
3.90   -0.0000000
4.00   -0.0000000
4.10    0.0000000
4.20   -0.0000000
4.30    0.0000000
4.40   -0.0000000
4.50    0.0000000
4.60    0.0000000
4.70    0.0000000
4.80    0.0000000
4.90    0.0000000
5.00    0.0000000
5.10    0.0000000
5.20    0.0000000
5.30    0.0000000
5.40    0.0000000
5.50    0.0000000
5.60    0.0000000
5.70    0.0000000
5.80    0.0000000
5.90    0.0000000
6.00    0.0000000
6.10    0.0000000
6.20    0.0000000
6.30    0.0000000
6.40    0.0000000
6.50    0.0000000
6.60    0.0000000
6.70    0.0000000
6.80    0.0000000
6.90    0.0000000
7.00    0.0000000
7.10   -0.0000000
7.20   -0.0000000
7.30   -0.0000000
7.40   -0.0000000
7.50   -0.0000000
7.60   -0.0000000
7.70   -0.0000000
7.80   -0.0000000
7.90   -0.0000000
8.00   -0.0000000
8.10   -0.0000000
8.20    0.0000000
8.30    0.0000000
8.40    0.0000000
8.50    0.0000000
8.60    0.0000000
8.70    0.0000000
8.80    0.0000000
8.90    0.0000000
9.00    0.0000000
9.10    0.0000000
9.20    0.0000000
9.30    0.0000000
9.40    0.0000000
9.50    0.0000000
9.60    0.0000000
9.70    0.0000000
9.80    0.0000000
9.90    0.0000000
10.00    0.0000000
10.10    0.0000000
10.20    0.0000000
10.30    0.0000000
10.40    0.0000000
10.50    0.0000000
10.60    0.0000000
10.70    0.0000000
10.80    0.0000000
10.90    0.0000000
11.00    0.0000000
11.10    0.0000000
11.20    0.0000000
11.30    0.0000000
11.40    0.0000000
11.50    0.0000000
11.60    0.0000000
11.70    0.0000000
11.80    0.0000000
11.90   -0.0000000
12.00   -0.0000000
12.10   -0.0000000
12.20   -0.0000000
12.30   -0.0000000
12.40   -0.0000000
12.50   -0.0000000
12.60   -0.0000000
12.70   -0.0000000
12.80   -0.0000000
12.90    0.0000000
13.00    0.0000000
13.10    0.0000000
13.20    0.0000000
13.30    0.0000000
13.40    0.0000000
13.50    0.0000000
13.60    0.0000000
13.70    0.0000000
13.80    0.0000000
13.90    0.0000000
14.00    0.0000000
14.10    0.0000000
14.20    0.0000000
14.30    0.0000000
14.40    0.0000000
14.50    0.0000000
14.60    0.0000000
14.70    0.0000000
14.80    0.0000000
14.90   -0.0000000
15.00   -0.0000000
15.10   -0.0000000
15.20   -0.0000000
15.30   -0.0000000
15.40   -0.0000000
15.50   -0.0000000
15.60   -0.0000000
15.70   -0.0000000
15.80   -0.0000000
15.90   -0.0000000
16.00   -0.0000000
16.10   -0.0000000
16.20   -0.0000000
16.30   -0.0000000
16.40   -0.0000000
16.50   -0.0000000
16.60   -0.0000000
16.70    0.0000000
16.80    0.0000000
16.90    0.0000000
17.00    0.0000000
17.10    0.0000000
17.20    0.0000000
17.30    0.0000000
17.40    0.0000000
17.50    0.0000000
17.60    0.0000000
17.70    0.0000000
17.80    0.0000000
17.90    0.0000000
18.00   -0.0000000
18.10   -0.0000000
18.20   -0.0000000
18.30   -0.0000000
18.40   -0.0000000
18.50   -0.0000000
18.60   -0.0000000
18.70   -0.0000000
18.80   -0.0000000
18.90   -0.0000000
19.00   -0.0000000
19.10   -0.0000000
19.20   -0.0000000
19.30   -0.0000000
19.40   -0.0000000
19.50   -0.0000000
19.60   -0.0000000
19.70   -0.0000000
19.80   -0.0000000
19.90   -0.0000000
20.00   -0.0000000
20.10   -0.0000000
20.20   -0.0000000
20.30   -0.0000000
20.40   -0.0000000
20.50   -0.0000000
20.60   -0.0000000
20.70   -0.0000000
20.80   -0.0000000
20.90   -0.0000000
21.00   -0.0000000
21.10   -0.0000000
21.20   -0.0000000
21.30   -0.0000000
21.40   -0.0000000
21.50   -0.0000000
21.60   -0.0000000
21.70   -0.0000000
21.80   -0.0000000
21.90   -0.0000000
22.00   -0.0000000
22.10   -0.0000000
22.20    0.0000000
22.30    0.0000000
22.40    0.0000000
22.50    0.0000000
22.60    0.0000000
22.70    0.0000000
22.80    0.0000000
22.90    0.0000000
23.00    0.0000000
23.10    0.0000000
23.20    0.0000000
23.30    0.0000000
23.40    0.0000000
23.50    0.0000000
23.60    0.0000000
23.70    0.0000000
23.80    0.0000000
23.90    0.0000000
24.00    0.0000000
24.10   -0.0000000
24.20   -0.0000000
24.30   -0.0000000
24.40   -0.0000000
24.50   -0.0000000
24.60   -0.0000000
24.70   -0.0000000
24.80   -0.0000000
24.90   -0.0000000
25.00   -0.0000000
25.10   -0.0000000
25.20    0.0000000
25.30    0.0000000
25.40    0.0000000
25.50    0.0000000
25.60    0.0000000
25.70    0.0000000
25.80    0.0000000
25.90    0.0000000
26.00    0.0000000
26.10    0.0000000
26.20    0.0000000
26.30    0.0000000
26.40    0.0000000
26.50    0.0000000
26.60    0.0000000
26.70    0.0000000
26.80    0.0000000
26.90    0.0000000
27.00    0.0000000
27.10    0.0000000
27.20    0.0000000
27.30    0.0000000
27.40    0.0000000
27.50    0.0000000
27.60   -0.0000000
27.70   -0.0000000
27.80   -0.0000000
27.90   -0.0000000
28.00   -0.0000000
28.10   -0.0000000
28.20   -0.0000000
28.30   -0.0000000
28.40   -0.0000000
28.50   -0.0000000
28.60   -0.0000000
28.70   -0.0000000
28.80   -0.0000000
28.90   -0.0000000
29.00   -0.0000000
29.10   -0.0000000
29.20    0.0000000
29.30   -0.0000000
29.40    0.0000000
29.50    0.0000000
29.60    0.0000000
29.70    0.0000000
29.80    0.0000000
29.90    0.0000000
30.00    0.0000000
30.10    0.0000000
30.20    0.0000000
30.30    0.0000000
30.40    0.0000000
30.50   -0.0000000
30.60    0.0000000
30.70   -0.0000000
30.80    0.0000000
30.90   -0.0000000
31.00    0.0000000
31.10   -0.0000000
31.20    0.0000000
31.30    0.0000000
31.40    0.0000000
31.50    0.0000000
31.60    0.0000000
31.70    0.0000000
31.80    0.0000000
31.90    0.0000000
32.00    0.0000000
32.10    0.0000000
32.20    0.0000000
32.30   -0.0000000
32.40    0.0000000
32.50   -0.0000000
32.60    0.0000000
32.70   -0.0000000
32.80    0.0000000
32.90   -0.0000000
33.00   -0.0000000
33.10    0.0000000
33.20    0.0000000
33.30    0.0000000
33.40    0.0000000
33.50    0.0000000
33.60    0.0000000
33.70    0.0000000
33.80    0.0000000
33.90    0.0000000
34.00    0.0000000
34.10    0.0000000
34.20    0.0000000
34.30    0.0000000
34.40    0.0000000
34.50    0.0000000
34.60    0.0000000
34.70    0.0000000
34.80    0.0000000
34.90    0.0000000
35.00    0.0000000
35.10   -0.0000000
35.20    0.0000000
35.30   -0.0000000
35.40    0.0000000
35.50   -0.0000000
35.60    0.0000000
35.70   -0.0000000
35.80    0.0000000
35.90   -0.0000000
36.00    0.0000000
36.10   -0.0000000
36.20    0.0000000
36.30   -0.0000000
36.40    0.0000000
36.50   -0.0000000
36.60    0.0000000
36.70   -0.0000000
36.80    0.0000000
36.90   -0.0000000
37.00    0.0000000
37.10   -0.0000000
37.20   -0.0000000
37.30   -0.0000000
37.40    0.0000000
37.50   -0.0000000
37.60    0.0000000
37.70    0.0000000
37.80    0.0000000
37.90    0.0000000
38.00    0.0000000
38.10    0.0000000
38.20    0.0000000
38.30    0.0000000
38.40    0.0000000
38.50    0.0000000
38.60    0.0000000
38.70   -0.0000000
38.80    0.0000000
38.90   -0.0000000
39.00    0.0000000
39.10   -0.0000000
39.20    0.0000000
39.30   -0.0000000
39.40    0.0000000
39.50   -0.0000000
39.60   -0.0000000
39.70   -0.0000000
39.80    0.0000000
39.90   -0.0000000
40.00   -0.0000000
40.10   -0.0000000
40.20    0.0000000
40.30   -0.0000000
40.40    0.0000000
40.50    0.0000000
40.60    0.0000000
40.70    0.0000000
40.80    0.0000000
40.90    0.0000000
41.00    0.0000000
41.10    0.0000000
41.20    0.0000000
41.30    0.0000000
41.40    0.0000000
41.50    0.0000000
41.60    0.0000000
41.70    0.0000000
41.80    0.0000000
41.90    0.0000000
42.00    0.0000000
42.10   -0.0000000
42.20    0.0000000
42.30   -0.0000000
42.40    0.0000000
42.50   -0.0000000
42.60    0.0000000
42.70   -0.0000000
42.80    0.0000000
42.90   -0.0000000
43.00    0.0000000
43.10   -0.0000000
43.20    0.0000000
43.30   -0.0000000
43.40    0.0000000
43.50   -0.0000000
43.60    0.0000000
43.70   -0.0000000
43.80    0.0000000
43.90    0.0000000
44.00    0.0000000
44.10    0.0000000
44.20    0.0000000
44.30    0.0000000
44.40    0.0000000
44.50    0.0000000
44.60    0.0000000
44.70    0.0000000
44.80   -0.0000000
44.90    0.0000000
45.00    0.0000000
45.10    0.0000000
45.20    0.0000000
45.30    0.0000000
45.40    0.0000000
45.50    0.0000000
45.60    0.0000000
45.70    0.0000000
45.80    0.0000000
45.90    0.0000000
46.00    0.0000000
46.10   -0.0000000
46.20    0.0000000
46.30    0.0000000
46.40    0.0000000
46.50    0.0000000
46.60    0.0000000
46.70    0.0000000
46.80    0.0000000
46.90    0.0000000
47.00    0.0000000
47.10    0.0000000
47.20    0.0000000
47.30    0.0000000
47.40    0.0000000
47.50    0.0000000
47.60    0.0000000
47.70    0.0000000
47.80    0.0000000
47.90    0.0000000
48.00    0.0000000
48.10    0.0000000
48.20    0.0000000
48.30    0.0000000
48.40    0.0000000
48.50    0.0000000
48.60    0.0000001
48.70    0.0000001
48.80    0.0000002
48.90    0.0000004
49.00    0.0000008
49.10    0.0000015
49.20    0.0000026
49.30    0.0000046
49.40    0.0000077
49.50    0.0000129
49.60    0.0000210
49.70    0.0000336
49.80    0.0000527
49.90    0.0000811
50.00    0.0001222
.00    0.4107798
.10    0.4337710
.20    0.4520990
.30    0.4653030
.40    0.4731442
.50    0.4756228
.60    0.4729817
.70    0.4656951
.80    0.4544394
.90    0.4400477
1.00    0.4234462
1.10    0.4055790
1.20    0.3873245
1.30    0.3694137
1.40    0.3523591
1.50    0.3364035
1.60    0.3214972
1.70    0.3073077
1.80    0.2932625
1.90    0.2786191
2.00    0.2625568
2.10    0.2442760
2.20    0.2230954
2.30    0.1985349
2.40    0.1703771
2.50    0.1387016
2.60    0.1038917
2.70    0.0666161
2.80    0.0277895
2.90   -0.0114813
3.00   -0.0499620
3.10   -0.0863597
3.20   -0.1193952
3.30   -0.1478750
3.40   -0.1707612
3.50   -0.1872383
3.60   -0.1967705
3.70   -0.1991485
3.80   -0.1945166
3.90   -0.1833772
4.00   -0.1665672
4.10   -0.1452050
4.20   -0.1206103
4.30   -0.0942025
4.40   -0.0673864
4.50   -0.0414385
4.60   -0.0174057
4.70    0.0039719
4.80    0.0223041
4.90    0.0375557
5.00    0.0500134
5.10    0.0602187
5.20    0.0688764
5.30    0.0767499
5.40    0.0845568
5.50    0.0928756
5.60    0.1020763
5.70    0.1122787
5.80    0.1233445
5.90    0.1349005
6.00    0.1463887
6.10    0.1571360
6.20    0.1664339
6.30    0.1736182
6.40    0.1781387
6.50    0.1796131
6.60    0.1778580
6.70    0.1728981
6.80    0.1649515
6.90    0.1543985
7.00    0.1417366
7.10    0.1275298
7.20    0.1123583
7.30    0.0967727
7.40    0.0812581
7.50    0.0662085
7.60    0.0519138
7.70    0.0385570
7.80    0.0262219
7.90    0.0149069
8.00    0.0045458
8.10   -0.0049699
8.20   -0.0137665
8.30   -0.0219648
8.40   -0.0296605
8.50   -0.0369077
8.60   -0.0437103
8.70   -0.0500197
8.80   -0.0557399
8.90   -0.0607397
9.00   -0.0648704
9.10   -0.0679860
9.20   -0.0699647
9.30   -0.0707266
9.40   -0.0702472
9.50   -0.0685629
9.60   -0.0657700
9.70   -0.0620157
9.80   -0.0574833
9.90   -0.0523746
10.00   -0.0468913
10.10   -0.0412184
10.20   -0.0355111
10.30   -0.0298879
10.40   -0.0244288
10.50   -0.0191782
10.60   -0.0141531
10.70   -0.0093521
10.80   -0.0047660
10.90   -0.0003865
11.00    0.0037867
11.10    0.0077436
11.20    0.0114634
11.30    0.0149189
11.40    0.0180822
11.50    0.0209324
11.60    0.0234630
11.70    0.0256876
11.80    0.0276433
11.90    0.0293903
12.00    0.0310073
12.10    0.0325844
12.20    0.0342125
12.30    0.0359719
12.40    0.0379216
12.50    0.0400902
12.60    0.0424719
12.70    0.0450253
12.80    0.0476791
12.90    0.0503406
13.00    0.0529086
13.10    0.0552876
13.20    0.0574023
13.30    0.0592097
13.40    0.0607089
13.50    0.0619454
13.60    0.0630117
13.70    0.0640423
13.80    0.0652043
13.90    0.0666835
14.00    0.0686684
14.10    0.0713306
14.20    0.0748057
14.30    0.0791742
14.40    0.0844452
14.50    0.0905447
14.60    0.0973101
14.70    0.1044933
14.80    0.1117714
14.90    0.1187674
15.00    0.1250765
15.10    0.1302987
15.20    0.1340714
15.30    0.1361002
15.40    0.1361837
15.50    0.1342290
15.60    0.1302556
15.70    0.1243892
15.80    0.1168430
15.90    0.1078926
16.00    0.0978450
16.10    0.0870061
16.20    0.0756519
16.30    0.0640039
16.40    0.0522151
16.50    0.0403641
16.60    0.0284612
16.70    0.0164635
16.80    0.0042990
16.90   -0.0081059
17.00   -0.0207955
17.10   -0.0337583
17.20   -0.0469057
17.30   -0.0600621
17.40   -0.0729667
17.50   -0.0852886
17.60   -0.0966544
17.70   -0.1066850
17.80   -0.1150364
17.90   -0.1214401
18.00   -0.1257368
18.10   -0.1278982
18.20   -0.1280337
18.30   -0.1263805
18.40   -0.1232783
18.50   -0.1191328
18.60   -0.1143711
18.70   -0.1093973
18.80   -0.1045523
18.90   -0.1000849
19.00   -0.0961350
19.10   -0.0927324
19.20   -0.0898091
19.30   -0.0872224
19.40   -0.0847850
19.50   -0.0822975
19.60   -0.0795776
19.70   -0.0764844
19.80   -0.0729328
19.90   -0.0688999
20.00   -0.0644212
20.10   -0.0595807
20.20   -0.0544954
20.30   -0.0492995
20.40   -0.0441280
20.50   -0.0391042
20.60   -0.0343309
20.70   -0.0298857
20.80   -0.0258208
20.90   -0.0221651
21.00   -0.0189290
21.10   -0.0161088
21.20   -0.0136918
21.30   -0.0116593
21.40   -0.0099893
21.50   -0.0086572
21.60   -0.0076358
21.70   -0.0068945
21.80   -0.0063988
21.90   -0.0061091
22.00   -0.0059808
22.10   -0.0059644
22.20   -0.0060068
22.30   -0.0060531
22.40   -0.0060484
22.50   -0.0059407
22.60   -0.0056837
22.70   -0.0052388
22.80   -0.0045779
22.90   -0.0036850
23.00   -0.0025575
23.10   -0.0012073
23.20    0.0003395
23.30    0.0020434
23.40    0.0038526
23.50    0.0057054
23.60    0.0075335
23.70    0.0092657
23.80    0.0108319
23.90    0.0121681
24.00    0.0132206
24.10    0.0139499
24.20    0.0143336
24.30    0.0143680
24.40    0.0140678
24.50    0.0134646
24.60    0.0126033
24.70    0.0115380
24.80    0.0103266
24.90    0.0090258
25.00    0.0076856
25.10    0.0063458
25.20    0.0050328
25.30    0.0037581
25.40    0.0025182
25.50    0.0012960
25.60    0.0000632
25.70   -0.0012163
25.80   -0.0025816
25.90   -0.0040704
26.00   -0.0057136
26.10   -0.0075307
26.20   -0.0095252
26.30   -0.0116816
26.40   -0.0139640
26.50   -0.0163164
26.60   -0.0186652
26.70   -0.0209240
26.80   -0.0230004
26.90   -0.0248040
27.00   -0.0262542
27.10   -0.0272886
27.20   -0.0278681
27.30   -0.0279813
27.40   -0.0276446
27.50   -0.0269000
27.60   -0.0258095
27.70   -0.0244483
27.80   -0.0228964
27.90   -0.0212310
28.00   -0.0195189
28.10   -0.0178126
28.20   -0.0161469
28.30   -0.0145392
28.40   -0.0129911
28.50   -0.0114922
28.60   -0.0100246
28.70   -0.0085669
28.80   -0.0070990
28.90   -0.0056054
29.00   -0.0040779
29.10   -0.0025171
29.20   -0.0009335
29.30    0.0006533
29.40    0.0022150
29.50    0.0037162
29.60    0.0051165
29.70    0.0063736
29.80    0.0074459
29.90    0.0082961
30.00    0.0088944
30.10    0.0092216
30.20    0.0092710
30.30    0.0090495
30.40    0.0085776
30.50    0.0078872
30.60    0.0070193
30.70    0.0060192
30.80    0.0049329
30.90    0.0038017
31.00    0.0026589
31.10    0.0015264
31.20    0.0004135
31.30   -0.0006828
31.40   -0.0017763
31.50   -0.0028883
31.60   -0.0040428
31.70   -0.0052620
31.80   -0.0065609
31.90   -0.0079434
32.00   -0.0093986
32.10   -0.0108998
32.20   -0.0124043
32.30   -0.0138568
32.40   -0.0151929
32.50   -0.0163453
32.60   -0.0172501
32.70   -0.0178536
32.80   -0.0181175
32.90   -0.0180235
33.00   -0.0175746
33.10   -0.0167956
33.20   -0.0157299
33.30   -0.0144356
33.40   -0.0129796
33.50   -0.0114315
33.60   -0.0098582
33.70   -0.0083183
33.80   -0.0068587
33.90   -0.0055129
34.00   -0.0042999
34.10   -0.0032254
34.20   -0.0022839
34.30   -0.0014610
34.40   -0.0007369
34.50   -0.0000891
34.60    0.0005046
34.70    0.0010636
34.80    0.0016029
34.90    0.0021318
35.00    0.0026532
35.10    0.0031636
35.20    0.0036542
35.30    0.0041117
35.40    0.0045202
35.50    0.0048635
35.60    0.0051264
35.70    0.0052975
35.80    0.0053703
35.90    0.0053447
36.00    0.0052271
36.10    0.0050307
36.20    0.0047745
36.30    0.0044820
36.40    0.0041792
36.50    0.0038936
36.60    0.0036512
36.70    0.0034757
36.80    0.0033870
36.90    0.0033998
37.00    0.0035236
37.10    0.0037626
37.20    0.0041160
37.30    0.0045787
37.40    0.0051425
37.50    0.0057970
37.60    0.0065310
37.70    0.0073333
37.80    0.0081932
37.90    0.0091010
38.00    0.0100474
38.10    0.0110228
38.20    0.0120162
38.30    0.0130137
38.40    0.0139971
38.50    0.0149436
38.60    0.0158255
38.70    0.0166113
38.80    0.0172677
38.90    0.0177625
39.00    0.0180683
39.10    0.0181654
39.20    0.0180453
39.30    0.0177122
39.40    0.0171838
39.50    0.0164898
39.60    0.0156695
39.70    0.0147678
39.80    0.0138305
39.90    0.0128998
40.00    0.0120105
40.10    0.0111868
40.20    0.0104413
40.30    0.0097750
40.40    0.0091789
40.50    0.0086370
40.60    0.0081293
40.70    0.0076358
40.80    0.0071387
40.90    0.0066255
41.00    0.0060897
41.10    0.0055313
41.20    0.0049561
41.30    0.0043742
41.40    0.0037987
41.50    0.0032431
41.60    0.0027206
41.70    0.0022420
41.80    0.0018156
41.90    0.0014464
42.00    0.0011366
42.10    0.0008861
42.20    0.0006931
42.30    0.0005553
42.40    0.0004703
42.50    0.0004366
42.60    0.0004540
42.70    0.0005237
42.80    0.0006485
42.90    0.0008321
43.00    0.0010789
43.10    0.0013926
43.20    0.0017754
43.30    0.0022269
43.40    0.0027428
43.50    0.0033142
43.60    0.0039268
43.70    0.0045615
43.80    0.0051944
43.90    0.0057981
44.00    0.0063440
44.10    0.0068040
44.20    0.0071528
44.30    0.0073706
44.40    0.0074447
44.50    0.0073706
44.60    0.0071527
44.70    0.0068039
44.80    0.0063439
44.90    0.0057979
45.00    0.0051940
45.10    0.0045608
45.20    0.0039255
45.30    0.0033118
45.40    0.0027387
45.50    0.0022200
45.60    0.0017638
45.70    0.0013737
45.80    0.0010486
45.90    0.0007847
46.00    0.0005755
46.10    0.0004138
46.20    0.0002916
46.30    0.0002015
46.40    0.0001365
46.50    0.0000908
46.60    0.0000595
46.70    0.0000386
46.80    0.0000253
46.90    0.0000175
47.00    0.0000139
47.10    0.0000137
47.20    0.0000167
47.30    0.0000232
47.40    0.0000340
47.50    0.0000504
47.60    0.0000739
47.70    0.0001068
47.80    0.0001514
47.90    0.0002106
48.00    0.0002871
48.10    0.0003836
48.20    0.0005025
48.30    0.0006453
48.40    0.0008121
48.50    0.0010019
48.60    0.0012116
48.70    0.0014361
48.80    0.0016685
48.90    0.0019001
49.00    0.0021211
49.10    0.0023208
49.20    0.0024891
49.30    0.0026167
49.40    0.0026964
49.50    0.0027235
49.60    0.0026964
49.70    0.0026167
49.80    0.0024891
49.90    0.0023208
50.00    0.0021211
50.10    0.0019001
50.20    0.0016685
50.30    0.0014361
50.40    0.0012116
50.50    0.0010019
50.60    0.0008121
50.70    0.0006453
50.80    0.0005025
50.90    0.0003836
51.00    0.0002871
51.10    0.0002105
51.20    0.0001514
51.30    0.0001067
51.40    0.0000737
51.50    0.0000499
51.60    0.0000331
51.70    0.0000215
51.80    0.0000137
51.90    0.0000086
52.00    0.0000053
52.10    0.0000032
52.20    0.0000019
52.30    0.0000011
52.40    0.0000006
52.50    0.0000003
52.60    0.0000002
52.70    0.0000001
52.80    0.0000001
52.90    0.0000000
53.00    0.0000000
53.10    0.0000000
53.20    0.0000000
53.30    0.0000000
53.40    0.0000000
53.50    0.0000000
53.60    0.0000000
53.70    0.0000000
53.80    0.0000000
53.90    0.0000000
54.00    0.0000000
54.10    0.0000000
54.20    0.0000000
54.30    0.0000000
54.40    0.0000000
54.50    0.0000000
54.60    0.0000000
54.70    0.0000000
54.80    0.0000000
54.90    0.0000000
55.00    0.0000000
55.10   -0.0000000
55.20   -0.0000000
55.30   -0.0000000
55.40   -0.0000000
55.50   -0.0000000
55.60   -0.0000000
55.70   -0.0000000
55.80    0.0000000
55.90    0.0000000
56.00    0.0000000
56.10    0.0000000
56.20    0.0000000
56.30    0.0000000
56.40    0.0000000
56.50    0.0000000
56.60    0.0000000
56.70    0.0000000
56.80    0.0000000
56.90    0.0000000
57.00    0.0000000
57.10    0.0000000
57.20    0.0000000
57.30    0.0000000
57.40    0.0000000
57.50    0.0000000
57.60    0.0000000
57.70    0.0000000
57.80    0.0000000
57.90    0.0000000
58.00    0.0000000
58.10    0.0000000
58.20    0.0000000
58.30    0.0000000
58.40    0.0000000
58.50    0.0000000
58.60    0.0000000
58.70    0.0000000
58.80    0.0000000
58.90    0.0000000
59.00    0.0000000
59.10    0.0000000
59.20    0.0000000
59.30   -0.0000000
59.40   -0.0000000
59.50   -0.0000000
59.60   -0.0000000
59.70   -0.0000000
59.80   -0.0000000
59.90   -0.0000000
60.00   -0.0000000
60.10   -0.0000000
60.20   -0.0000000
60.30   -0.0000000
60.40   -0.0000000
60.50   -0.0000000
60.60   -0.0000000
60.70   -0.0000000
60.80   -0.0000000
60.90   -0.0000000
61.00   -0.0000000
61.10   -0.0000000
61.20   -0.0000000
61.30   -0.0000000
61.40   -0.0000000
61.50   -0.0000000
61.60   -0.0000000
61.70    0.0000000
61.80   -0.0000000
61.90    0.0000000
62.00   -0.0000000
62.10    0.0000000
62.20    0.0000000
62.30    0.0000000
62.40    0.0000000
62.50    0.0000000
62.60    0.0000000
62.70    0.0000000
62.80    0.0000000
62.90    0.0000000
63.00    0.0000000
63.10    0.0000000
63.20    0.0000000
63.30   -0.0000000
63.40    0.0000000
63.50    0.0000000
63.60    0.0000000
63.70    0.0000000
63.80    0.0000000
63.90    0.0000000
64.00    0.0000000
64.10    0.0000000
64.20    0.0000000
64.30    0.0000000
64.40    0.0000000
64.50    0.0000000
64.60    0.0000000
64.70    0.0000000
64.80    0.0000000
64.90    0.0000000
65.00    0.0000000
65.10    0.0000000
65.20    0.0000000
65.30    0.0000000
65.40    0.0000000
65.50    0.0000000
65.60    0.0000000
65.70    0.0000000
65.80    0.0000000
65.90    0.0000000
66.00    0.0000000
66.10    0.0000000
66.20    0.0000000
66.30    0.0000000
66.40    0.0000000
66.50    0.0000000
66.60    0.0000000
66.70    0.0000000
66.80    0.0000000
66.90    0.0000000
67.00    0.0000000
67.10    0.0000000
67.20    0.0000000
67.30    0.0000000
67.40    0.0000000
67.50    0.0000000
67.60    0.0000000
67.70    0.0000000
67.80    0.0000000
67.90    0.0000000
68.00    0.0000000
68.10   -0.0000000
68.20   -0.0000000
68.30   -0.0000000
68.40   -0.0000000
68.50   -0.0000000
68.60   -0.0000000
68.70   -0.0000000
68.80   -0.0000000
68.90   -0.0000000
69.00   -0.0000000
69.10   -0.0000000
69.20   -0.0000000
69.30   -0.0000000
69.40   -0.0000000
69.50   -0.0000000
69.60   -0.0000000
69.70   -0.0000000
69.80   -0.0000000
69.90   -0.0000000
70.00   -0.0000000
-20.00   -0.0043187
-19.90   -0.0061419
-19.80   -0.0076449
-19.70   -0.0088073
-19.60   -0.0096214
-19.50   -0.0100923
-19.40   -0.0102367
-19.30   -0.0100817
-19.20   -0.0096633
-19.10   -0.0090236
-19.00   -0.0082085
-18.90   -0.0072650
-18.80   -0.0062384
-18.70   -0.0051701
-18.60   -0.0040963
-18.50   -0.0030466
-18.40   -0.0020444
-18.30   -0.0011074
-18.20   -0.0002484
-18.10    0.0005232
-18.00    0.0012001
-17.90    0.0017765
-17.80    0.0022466
-17.70    0.0026049
-17.60    0.0028461
-17.50    0.0029655
-17.40    0.0029594
-17.30    0.0028259
-17.20    0.0025654
-17.10    0.0021808
-17.00    0.0016783
-16.90    0.0010670
-16.80    0.0003596
-16.70   -0.0004281
-16.60   -0.0012772
-16.50   -0.0021656
-16.40   -0.0030687
-16.30   -0.0039599
-16.20   -0.0048115
-16.10   -0.0055957
-16.00   -0.0062861
-15.90   -0.0068592
-15.80   -0.0072960
-15.70   -0.0075833
-15.60   -0.0077144
-15.50   -0.0076902
-15.40   -0.0075187
-15.30   -0.0072143
-15.20   -0.0067971
-15.10   -0.0062907
-15.00   -0.0057208
-14.90   -0.0051135
-14.80   -0.0044935
-14.70   -0.0038826
-14.60   -0.0032993
-14.50   -0.0027575
-14.40   -0.0022670
-14.30   -0.0018334
-14.20   -0.0014589
-14.10   -0.0011424
-14.00   -0.0008807
-13.90   -0.0006691
-13.80   -0.0005021
-13.70   -0.0003741
-13.60   -0.0002798
-13.50   -0.0002146
-13.40   -0.0001753
-13.30   -0.0001597
-13.20   -0.0001672
-13.10   -0.0001988
-13.00   -0.0002568
-12.90   -0.0003449
-12.80   -0.0004679
-12.70   -0.0006313
-12.60   -0.0008407
-12.50   -0.0011008
-12.40   -0.0014153
-12.30   -0.0017854
-12.20   -0.0022094
-12.10   -0.0026817
-12.00   -0.0031929
-11.90   -0.0037291
-11.80   -0.0042729
-11.70   -0.0048040
-11.60   -0.0053004
-11.50   -0.0057401
-11.40   -0.0061028
-11.30   -0.0063712
-11.20   -0.0065332
-11.10   -0.0065820
-11.00   -0.0065170
-10.90   -0.0063438
-10.80   -0.0060732
-10.70   -0.0057202
-10.60   -0.0053028
-10.50   -0.0048403
-10.40   -0.0043518
-10.30   -0.0038553
-10.20   -0.0033667
-10.10   -0.0028987
-10.00   -0.0024614
-9.90   -0.0020616
-9.80   -0.0017034
-9.70   -0.0013885
-9.60   -0.0011165
-9.50   -0.0008856
-9.40   -0.0006930
-9.30   -0.0005350
-9.20   -0.0004079
-9.10   -0.0003077
-9.00   -0.0002307
-8.90   -0.0001737
-8.80   -0.0001339
-8.70   -0.0001092
-8.60   -0.0000982
-8.50   -0.0001002
-8.40   -0.0001154
-8.30   -0.0001444
-8.20   -0.0001887
-8.10   -0.0002500
-8.00   -0.0003303
-7.90   -0.0004313
-7.80   -0.0005547
-7.70   -0.0007010
-7.60   -0.0008698
-7.50   -0.0010592
-7.40   -0.0012656
-7.30   -0.0014838
-7.20   -0.0017067
-7.10   -0.0019261
-7.00   -0.0021325
-6.90   -0.0023164
-6.80   -0.0024685
-6.70   -0.0025808
-6.60   -0.0026471
-6.50   -0.0026636
-6.40   -0.0026295
-6.30   -0.0025466
-6.20   -0.0024196
-6.10   -0.0022554
-6.00   -0.0020626
-5.90   -0.0018508
-5.80   -0.0016300
-5.70   -0.0014093
-5.60   -0.0011973
-5.50   -0.0010008
-5.40   -0.0008253
-5.30   -0.0006746
-5.20   -0.0005512
-5.10   -0.0004564
-5.00   -0.0003904
-4.90   -0.0003531
-4.80   -0.0003438
-4.70   -0.0003618
-4.60   -0.0004059
-4.50   -0.0004747
-4.40   -0.0005663
-4.30   -0.0006781
-4.20   -0.0008068
-4.10   -0.0009480
-4.00   -0.0010963
-3.90   -0.0012453
-3.80   -0.0013883
-3.70   -0.0015179
-3.60   -0.0016274
-3.50   -0.0017105
-3.40   -0.0017624
-3.30   -0.0017801
-3.20   -0.0017624
-3.10   -0.0017106
-3.00   -0.0016275
-2.90   -0.0015182
-2.80   -0.0013887
-2.70   -0.0012459
-2.60   -0.0010971
-2.50   -0.0009490
-2.40   -0.0008080
-2.30   -0.0006792
-2.20   -0.0005669
-2.10   -0.0004741
-2.00   -0.0004028
-1.90   -0.0003543
-1.80   -0.0003290
-1.70   -0.0003269
-1.60   -0.0003474
-1.50   -0.0003896
-1.40   -0.0004521
-1.30   -0.0005332
-1.20   -0.0006304
-1.10   -0.0007409
-1.00   -0.0008614
-.90   -0.0009881
-.80   -0.0011172
-.70   -0.0012449
-.60   -0.0013678
-.50   -0.0014832
-.40   -0.0015893
-.30   -0.0016854
-.20   -0.0017718
-.10   -0.0018494
.00   -0.0019199
.10   -0.0019848
.20   -0.0020453
.30   -0.0021020
.40   -0.0021545
.50   -0.0022015
.60   -0.0022406
.70   -0.0022691
.80   -0.0022846
.90   -0.0022848
1.00   -0.0022687
1.10   -0.0022369
1.20   -0.0021912
1.30   -0.0021352
1.40   -0.0020737
1.50   -0.0020118
1.60   -0.0019548
1.70   -0.0019072
1.80   -0.0018721
1.90   -0.0018512
2.00   -0.0018440
2.10   -0.0018484
2.20   -0.0018611
2.30   -0.0018778
2.40   -0.0018944
2.50   -0.0019073
2.60   -0.0019142
2.70   -0.0019143
2.80   -0.0019087
2.90   -0.0019001
3.00   -0.0018924
3.10   -0.0018901
3.20   -0.0018975
3.30   -0.0019183
3.40   -0.0019547
3.50   -0.0020071
3.60   -0.0020741
3.70   -0.0021524
3.80   -0.0022375
3.90   -0.0023240
4.00   -0.0024063
4.10   -0.0024797
4.20   -0.0025400
4.30   -0.0025847
4.40   -0.0026127
4.50   -0.0026240
4.60   -0.0026198
4.70   -0.0026016
4.80   -0.0025712
4.90   -0.0025301
5.00   -0.0024795
5.10   -0.0024201
5.20   -0.0023524
5.30   -0.0022770
5.40   -0.0021949
5.50   -0.0021080
5.60   -0.0020192
5.70   -0.0019325
5.80   -0.0018526
5.90   -0.0017848
6.00   -0.0017344
6.10   -0.0017058
6.20   -0.0017023
6.30   -0.0017249
6.40   -0.0017726
6.50   -0.0018419
6.60   -0.0019272
6.70   -0.0020210
6.80   -0.0021147
6.90   -0.0021996
7.00   -0.0022676
7.10   -0.0023122
7.20   -0.0023289
7.30   -0.0023162
7.40   -0.0022753
7.50   -0.0022098
7.60   -0.0021257
7.70   -0.0020302
7.80   -0.0019310
7.90   -0.0018356
8.00   -0.0017500
8.10   -0.0016784
8.20   -0.0016230
8.30   -0.0015834
8.40   -0.0015572
8.50   -0.0015400
8.60   -0.0015266
8.70   -0.0015114
8.80   -0.0014888
8.90   -0.0014544
9.00   -0.0014052
9.10   -0.0013397
9.20   -0.0012581
9.30   -0.0011623
9.40   -0.0010554
9.50   -0.0009411
9.60   -0.0008239
9.70   -0.0007079
9.80   -0.0005970
9.90   -0.0004944
10.00   -0.0004026
10.10   -0.0003231
10.20   -0.0002570
10.30   -0.0002045
10.40   -0.0001656
10.50   -0.0001401
10.60   -0.0001278
10.70   -0.0001284
10.80   -0.0001420
10.90   -0.0001689
11.00   -0.0002093
11.10   -0.0002635
11.20   -0.0003315
11.30   -0.0004130
11.40   -0.0005069
11.50   -0.0006114
11.60   -0.0007237
11.70   -0.0008403
11.80   -0.0009567
11.90   -0.0010678
12.00   -0.0011682
12.10   -0.0012529
12.20   -0.0013171
12.30   -0.0013572
12.40   -0.0013708
12.50   -0.0013572
12.60   -0.0013171
12.70   -0.0012528
12.80   -0.0011681
12.90   -0.0010675
13.00   -0.0009561
13.10   -0.0008394
13.20   -0.0007220
13.30   -0.0006085
13.40   -0.0005020
13.50   -0.0004049
13.60   -0.0003185
13.70   -0.0002429
13.80   -0.0001773
13.90   -0.0001202
14.00   -0.0000694
14.10   -0.0000222
14.20    0.0000244
14.30    0.0000738
14.40    0.0001291
14.50    0.0001936
14.60    0.0002702
14.70    0.0003612
14.80    0.0004684
14.90    0.0005923
15.00    0.0007323
15.10    0.0008866
15.20    0.0010514
15.30    0.0012219
15.40    0.0013917
15.50    0.0015536
15.60    0.0017000
15.70    0.0018233
15.80    0.0019168
15.90    0.0019752
16.00    0.0019951
16.10    0.0019754
16.20    0.0019172
16.30    0.0018240
16.40    0.0017013
16.50    0.0015559
16.60    0.0013955
16.70    0.0012282
16.80    0.0010615
16.90    0.0009025
17.00    0.0007570
17.10    0.0006297
17.20    0.0005240
17.30    0.0004425
17.40    0.0003865
17.50    0.0003570
17.60    0.0003543
17.70    0.0003783
17.80    0.0004284
17.90    0.0005037
18.00    0.0006026
18.10    0.0007226
18.20    0.0008602
18.30    0.0010110
18.40    0.0011692
18.50    0.0013282
18.60    0.0014807
18.70    0.0016190
18.80    0.0017357
18.90    0.0018243
19.00    0.0018796
19.10    0.0018984
19.20    0.0018795
19.30    0.0018239
19.40    0.0017349
19.50    0.0016176
19.60    0.0014784
19.70    0.0013244
19.80    0.0011629
19.90    0.0010010
20.00    0.0008445
20.10    0.0006983
20.20    0.0005661
20.30    0.0004498
20.40    0.0003503
20.50    0.0002674
20.60    0.0002001
20.70    0.0001467
20.80    0.0001055
20.90    0.0000743
21.00    0.0000514
21.10    0.0000348
21.20    0.0000231
21.30    0.0000150
21.40    0.0000096
21.50    0.0000060
21.60    0.0000037
21.70    0.0000022
21.80    0.0000013
21.90    0.0000007
22.00    0.0000004
22.10    0.0000002
22.20    0.0000001
22.30    0.0000001
22.40    0.0000000
22.50    0.0000000
22.60    0.0000000
22.70    0.0000000
22.80    0.0000000
22.90    0.0000000
23.00    0.0000000
23.10    0.0000000
23.20    0.0000000
23.30    0.0000000
23.40    0.0000000
23.50   -0.0000000
23.60   -0.0000000
23.70   -0.0000000
23.80   -0.0000000
23.90   -0.0000000
24.00   -0.0000000
24.10   -0.0000000
24.20   -0.0000000
24.30   -0.0000000
24.40   -0.0000000
24.50   -0.0000001
24.60   -0.0000001
24.70   -0.0000002
24.80   -0.0000003
24.90   -0.0000006
25.00   -0.0000011
25.10   -0.0000018
25.20   -0.0000030
25.30   -0.0000049
25.40   -0.0000078
25.50   -0.0000123
25.60   -0.0000188
25.70   -0.0000284
25.80   -0.0000419
25.90   -0.0000607
26.00   -0.0000861
26.10   -0.0001198
26.20   -0.0001633
26.30   -0.0002183
26.40   -0.0002859
26.50   -0.0003671
26.60   -0.0004621
26.70   -0.0005701
26.80   -0.0006893
26.90   -0.0008171
27.00   -0.0009493
27.10   -0.0010811
27.20   -0.0012069
27.30   -0.0013206
27.40   -0.0014164
27.50   -0.0014893
27.60   -0.0015349
27.70   -0.0015509
27.80   -0.0015364
27.90   -0.0014925
28.00   -0.0014221
28.10   -0.0013297
28.20   -0.0012210
28.30   -0.0011025
28.40   -0.0009810
28.50   -0.0008629
28.60   -0.0007544
28.70   -0.0006605
28.80   -0.0005854
28.90   -0.0005320
29.00   -0.0005019
29.10   -0.0004956
29.20   -0.0005124
29.30   -0.0005506
29.40   -0.0006072
29.50   -0.0006785
29.60   -0.0007601
29.70   -0.0008469
29.80   -0.0009336
29.90   -0.0010149
30.00   -0.0010858
30.10   -0.0011423
30.20   -0.0011812
30.30   -0.0012009
30.40   -0.0012015
30.50   -0.0011843
30.60   -0.0011523
30.70   -0.0011098
30.80   -0.0010616
30.90   -0.0010132
31.00   -0.0009695
31.10   -0.0009349
31.20   -0.0009126
31.30   -0.0009046
31.40   -0.0009108
31.50   -0.0009301
31.60   -0.0009594
31.70   -0.0009947
31.80   -0.0010314
31.90   -0.0010643
32.00   -0.0010888
32.10   -0.0011008
32.20   -0.0010972
32.30   -0.0010764
32.40   -0.0010380
32.50   -0.0009831
32.60   -0.0009139
32.70   -0.0008335
32.80   -0.0007457
32.90   -0.0006541
33.00   -0.0005626
33.10   -0.0004745
33.20   -0.0003922
33.30   -0.0003178
33.40   -0.0002524
33.50   -0.0001963
33.60   -0.0001495
33.70   -0.0001113
33.80   -0.0000806
33.90   -0.0000562
34.00   -0.0000367
34.10   -0.0000206
34.20   -0.0000064
34.30    0.0000076
34.40    0.0000231
34.50    0.0000422
34.60    0.0000669
34.70    0.0000997
34.80    0.0001431
34.90    0.0002000
35.00    0.0002733
35.10    0.0003656
35.20    0.0004791
35.30    0.0006152
35.40    0.0007744
35.50    0.0009554
35.60    0.0011553
35.70    0.0013694
35.80    0.0015910
35.90    0.0018119
36.00    0.0020226
36.10    0.0022130
36.20    0.0023735
36.30    0.0024952
36.40    0.0025712
36.50    0.0025970
36.60    0.0025712
36.70    0.0024952
36.80    0.0023735
36.90    0.0022130
37.00    0.0020226
37.10    0.0018119
37.20    0.0015910
37.30    0.0013694
37.40    0.0011553
37.50    0.0009554
37.60    0.0007744
37.70    0.0006153
37.80    0.0004792
37.90    0.0003658
38.00    0.0002737
38.10    0.0002008
38.20    0.0001443
38.30    0.0001017
38.40    0.0000703
38.50    0.0000476
38.60    0.0000316
38.70    0.0000205
38.80    0.0000131
38.90    0.0000082
39.00    0.0000050
39.10    0.0000030
39.20    0.0000018
39.30    0.0000010
39.40    0.0000005
39.50    0.0000002
39.60   -0.0000000
39.70   -0.0000003
39.80   -0.0000006
39.90   -0.0000011
40.00   -0.0000018
40.10   -0.0000031
40.20   -0.0000050
40.30   -0.0000080
40.40   -0.0000126
40.50   -0.0000193
40.60   -0.0000291
40.70   -0.0000430
40.80   -0.0000623
40.90   -0.0000884
41.00   -0.0001230
41.10   -0.0001677
41.20   -0.0002241
41.30   -0.0002936
41.40   -0.0003770
41.50   -0.0004745
41.60   -0.0005854
41.70   -0.0007079
41.80   -0.0008391
41.90   -0.0009750
42.00   -0.0011104
42.10   -0.0012397
42.20   -0.0013567
42.30   -0.0014555
42.40   -0.0015309
42.50   -0.0015788
42.60   -0.0015968
42.70   -0.0015844
42.80   -0.0015429
42.90   -0.0014759
43.00   -0.0013886
43.10   -0.0012874
43.20   -0.0011799
43.30   -0.0010738
43.40   -0.0009767
43.50   -0.0008956
43.60   -0.0008362
43.70   -0.0008031
43.80   -0.0007989
43.90   -0.0008246
44.00   -0.0008793
44.10   -0.0009599
44.20   -0.0010621
44.30   -0.0011795
44.40   -0.0013050
44.50   -0.0014305
44.60   -0.0015477
44.70   -0.0016487
44.80   -0.0017266
44.90   -0.0017762
45.00   -0.0017940
45.10   -0.0017791
45.20   -0.0017328
45.30   -0.0016587
45.40   -0.0015626
45.50   -0.0014517
45.60   -0.0013341
45.70   -0.0012184
45.80   -0.0011127
45.90   -0.0010243
46.00   -0.0009591
46.10   -0.0009214
46.20   -0.0009132
46.30   -0.0009347
46.40   -0.0009838
46.50   -0.0010565
46.60   -0.0011471
46.70   -0.0012485
46.80   -0.0013530
46.90   -0.0014523
47.00   -0.0015386
47.10   -0.0016049
47.20   -0.0016457
47.30   -0.0016572
47.40   -0.0016379
47.50   -0.0015883
47.60   -0.0015109
47.70   -0.0014102
47.80   -0.0012917
47.90   -0.0011622
48.00   -0.0010285
48.10   -0.0008974
48.20   -0.0007752
48.30   -0.0006672
48.40   -0.0005779
48.50   -0.0005108
48.60   -0.0004682
48.70   -0.0004515
48.80   -0.0004611
48.90   -0.0004963
49.00   -0.0005558
49.10   -0.0006370
49.20   -0.0007363
49.30   -0.0008492
49.40   -0.0009701
49.50   -0.0010925
49.60   -0.0012091
49.70   -0.0013122
49.80   -0.0013939
49.90   -0.0014466
50.00   -0.0014632
