   3000.00 3000.00 3000.00
   2400.00 2400.00 2400.00
   2100.00 2100.00 2100.00
   4100.00 4100.00 4100.00
   3000.00 3000.00 3000.00
   2700.00 2700.00 2700.00
   3300.00 3300.00 3300.00
   6000.00 6000.00 6000.00
   6000.00 9702.48 10000.00
   2750.00 2750.00 2750.00
   3400.00 3400.00 3400.00
   6300.00 6300.00 6300.00
   14000.00 14743.80 24000.00
   2800.00 2800.00 2800.00
   3500.00 3500.00 3500.00
   6500.00 6500.00 6500.00
   10.00 964.79 1500.27
   34.55 35.23 43.74
   3332.61 3440.97 3596.64
   4507.53 4658.67 4748.08
   8085.54 8375.40 8723.73
   0.00 0.00 0.00
   -117.75 -8.68 1348.73
   -151.89 6.81 22.72
   -151.89 6.81 22.72
   -20.13 1.57 5.21
   -1.38 -0.10 3.05
   -1.38 -0.10 3.05
   -6.10 0.20 0.84
   0.00 0.00 0.00
   4.11 7.81 8.72
   2.10 4.32 4.75
   5.05 38.06 69.53
   26.59 231.04 514.45
   26.59 231.04 514.45
   2834.81 3689.43 4335.52
