   3000.00 3000.00 3000.00
   2400.00 2400.00 2400.00
   2100.00 2100.00 2100.00
   4100.00 4100.00 4100.00
   3000.00 3000.00 3000.00
   2700.00 2700.00 2700.00
   3300.00 3300.00 3300.00
   6000.00 6000.00 6000.00
   6000.00 9702.48 10000.00
   2750.00 2750.00 2750.00
   3400.00 3400.00 3400.00
   6300.00 6300.00 6300.00
   14000.00 14743.80 24000.00
   2800.00 2800.00 2800.00
   3500.00 3500.00 3500.00
   6500.00 6500.00 6500.00
   10.00 964.79 1500.27
   34.55 35.23 43.74
   3330.13 3441.20 3596.42
   4536.13 4685.17 4781.77
   8100.78 8395.28 8745.78
   0.00 0.00 0.00
   -181.97 -58.53 1477.68
   -157.30 7.14 23.79
   -157.30 7.14 23.79
   -20.87 1.65 5.47
   -1.41 -0.10 3.11
   -1.41 -0.10 3.11
   -6.21 0.20 0.85
   0.00 0.00 0.00
   4.11 7.82 8.75
   2.10 4.34 4.78
   5.05 38.06 69.53
   26.56 230.50 513.55
   26.56 230.50 513.55
   2834.83 3702.21 4356.67
