      Lon      Lat      RHP     Tbuf  Tinterm  Tbottom Csubmoho  Al_0  Fe_0  Mg_0  Ca_0      LAB  Al_1  Fe_1  Mg_1  Ca_1
      deg      deg    nW/m3     degC     degC     degC        1    wt%    wt%    wt%    wt%    wt%       km    wt%    wt%    wt%    wt%    wt%
127.5 -15.5	0.00	13.21	12.86	17.47	0.0139	0.24	0.34	0.5	0.34	4.54	0.26	0.3	0.52	0.3
128 -15.5	0.00	12.72	11.79	16.75	0.0132	0.24	0.3	0.46	0.32	4.05	0.25	0.27	0.46	0.3
128.5 -15.5	0.00	11.93	11.53	15.23	0.0136	0.23	0.29	0.4	0.32	2.9	0.23	0.24	0.45	0.29
129 -15.5	0.00	11.38	11.81	15.45	0.013	0.21	0.27	0.4	0.31	2.16	0.22	0.24	0.47	0.28
129.5 -15.5	0.00	10.97	11.71	14.73	0.0122	0.22	0.25	0.41	0.31	2.54	0.21	0.24	0.46	0.29
130 -15.5	0.00	11.11	11.68	14.17	0.0135	0.23	0.25	0.4	0.32	3.03	0.22	0.24	0.45	0.28
130.5 -15.5	0.00	11.49	11.66	13.23	0.0131	0.22	0.26	0.4	0.31	3.44	0.22	0.24	0.46	0.27
131 -15.5	0.00	11.14	11.7	13.43	0.0111	0.22	0.26	0.37	0.32	3.42	0.22	0.23	0.48	0.28
131.5 -15.5	0.00	10.85	11.89	12.58	0.0124	0.21	0.25	0.4	0.32	3.58	0.2	0.23	0.45	0.28
132 -15.5	0.00	11.08	11.77	12.63	0.0121	0.2	0.25	0.4	0.33	3.58	0.21	0.24	0.45	0.28
132.5 -15.5	0.00	11.17	11.73	12.07	0.0119	0.19	0.26	0.38	0.31	3.62	0.21	0.23	0.46	0.29
133 -15.5	0.00	11.53	11.4	12.93	0.0143	0.2	0.24	0.38	0.31	4.02	0.2	0.22	0.42	0.27
133.5 -15.5	0.00	11.2	11.04	11.77	0.011	0.18	0.22	0.37	0.32	3.74	0.2	0.22	0.42	0.27
134 -15.5	0.00	11.36	11.08	11.53	0.0111	0.18	0.21	0.37	0.31	3.5	0.2	0.23	0.42	0.28
134.5 -15.5	0.00	11.06	11.74	10.89	0.0119	0.17	0.23	0.38	0.31	3.25	0.2	0.22	0.41	0.27
135 -15.5	0.00	10.52	11.93	11.65	0.0113	0.18	0.2	0.37	0.31	3.55	0.19	0.22	0.44	0.27
135.5 -15.5	0.00	11.72	12.07	11.52	0.0119	0.18	0.19	0.36	0.32	3.4	0.19	0.21	0.46	0.27
136 -15.5	0.00	11.52	12.6	11.46	0.0142	0.19	0.21	0.36	0.29	3.51	0.19	0.23	0.46	0.27
136.5 -15.5	0.00	12.16	13.11	11.99	0.0134	0.2	0.21	0.41	0.31	2.83	0.21	0.24	0.44	0.27
137 -15.5	0.00	11.73	12.43	11.59	0.0143	0.2	0.22	0.38	0.32	2.09	0.19	0.23	0.44	0.28
137.5 -15.5	0.00	11.78	11.35	12.21	0.0116	0.2	0.19	0.35	0.3	1.45	0.18	0.23	0.49	0.27
138 -15.5	0.00	11.2	10.12	13.44	0.0159	0.21	0.22	0.35	0.29	1.46	0.19	0.25	0.44	0.28
138.5 -15.5	0.00	11.01	10.26	12.36	0.0109	0.21	0.23	0.39	0.31	2.29	0.19	0.23	0.44	0.28
139 -15.5	0.00	11.12	10.21	11.77	0.0115	0.22	0.23	0.42	0.32	2.9	0.2	0.23	0.48	0.27
139.5 -15.5	0.00	10.66	10.09	12.45	0.014	0.23	0.22	0.41	0.33	3.32	0.19	0.22	0.49	0.27
140 -15.5	0.00	11.03	9.85	12.46	0.0142	0.23	0.22	0.43	0.32	3.42	0.19	0.21	0.51	0.26
140.5 -15.5	0.00	10.78	9.9	12.19	0.0146	0.23	0.23	0.43	0.34	3.65	0.19	0.21	0.52	0.28
141 -15.5	0.00	11.02	9.87	11.43	0.0133	0.23	0.23	0.43	0.31	3.47	0.21	0.24	0.51	0.28
141.5 -15.5	0.00	10.97	10.34	11.3	0.011	0.24	0.23	0.42	0.32	3.38	0.22	0.22	0.5	0.27
142 -15.5	0.00	11.22	11	11.28	0.0149	0.22	0.23	0.42	0.32	3.19	0.2	0.22	0.47	0.27
142.5 -15.5	0.00	12.26	11.25	11.9	0.0151	0.22	0.24	0.45	0.33	2.96	0.21	0.24	0.47	0.3
143 -15.5	0.00	13.04	11.12	12.55	0.0092	0.24	0.24	0.49	0.34	2.12	0.23	0.26	0.51	0.29
127.5 -16	0.00	11.94	11.74	16.77	0.0132	0.22	0.3	0.44	0.31	4.48	0.25	0.28	0.46	0.3
128 -16	0.00	11.96	11.1	15.25	0.0119	0.22	0.29	0.38	0.3	4	0.23	0.27	0.48	0.3
128.5 -16	0.00	11.11	11.34	14.76	0.0096	0.21	0.27	0.39	0.3	3.6	0.23	0.24	0.45	0.28
129 -16	0.00	10.6	10.54	14.79	0.0131	0.19	0.26	0.38	0.31	2.82	0.21	0.24	0.44	0.27
129.5 -16	0.00	10.37	10.69	14.08	0.0156	0.2	0.24	0.4	0.3	2.66	0.19	0.23	0.45	0.27
130 -16	0.00	10.88	11.02	14.07	0.0129	0.21	0.24	0.38	0.31	2.97	0.2	0.23	0.45	0.29
130.5 -16	0.00	10.56	11.37	12.92	0.0086	0.21	0.23	0.38	0.31	3.08	0.21	0.21	0.41	0.27
131 -16	0.00	10.73	10.51	13.76	0.0141	0.21	0.24	0.36	0.3	3.41	0.21	0.24	0.42	0.27
131.5 -16	0.00	10.98	11.32	12.88	0.0108	0.19	0.24	0.35	0.31	3.3	0.19	0.22	0.44	0.26
132 -16	0.00	10.48	10.95	11.86	0.0113	0.21	0.25	0.35	0.31	3.32	0.21	0.23	0.44	0.26
132.5 -16	0.00	10.22	11.14	12.25	0.0085	0.19	0.25	0.37	0.32	3.37	0.19	0.22	0.4	0.27
133 -16	0.00	10.7	11.56	11.58	0.0139	0.19	0.24	0.39	0.3	3.62	0.19	0.21	0.41	0.27
133.5 -16	0.00	10.9	10.15	10.99	0.0113	0.19	0.22	0.35	0.28	3.26	0.2	0.22	0.4	0.27
134 -16	0.00	10.67	10.27	10.48	0.0158	0.17	0.21	0.37	0.29	3.38	0.19	0.21	0.42	0.27
134.5 -16	0.00	11.2	10.43	10.04	0.0076	0.14	0.19	0.32	0.31	3.2	0.18	0.19	0.39	0.26
135 -16	0.00	9.69	10.44	10.88	0.0127	0.16	0.18	0.32	0.31	2.96	0.17	0.19	0.39	0.26
135.5 -16	0.00	11.08	11.62	10.36	0.0162	0.17	0.19	0.37	0.3	3.53	0.18	0.2	0.43	0.29
136 -16	0.00	11.06	11.57	10.77	0.01	0.19	0.19	0.31	0.27	3.23	0.17	0.21	0.42	0.26
136.5 -16	0.00	10.63	12.01	10.37	0.0065	0.17	0.21	0.37	0.3	3.17	0.18	0.22	0.46	0.26
137 -16	0.00	10.61	12.71	12.29	0.014	0.19	0.23	0.35	0.3	2.84	0.19	0.22	0.45	0.29
137.5 -16	0.00	11.23	10.56	12.52	0.0135	0.17	0.21	0.35	0.29	2.38	0.17	0.23	0.42	0.27
138 -16	0.00	10.85	10.35	13.02	0.0105	0.2	0.2	0.36	0.29	1.9	0.18	0.23	0.43	0.24
138.5 -16	0.00	10.65	9.64	12.15	0.0151	0.2	0.22	0.37	0.29	2.33	0.19	0.22	0.41	0.27
139 -16	0.00	10.8	9.95	11.74	0.0111	0.2	0.21	0.37	0.29	2.84	0.19	0.21	0.46	0.27
139.5 -16	0.00	10.44	9.71	11.52	0.0135	0.22	0.22	0.4	0.3	3.49	0.19	0.22	0.5	0.26
140 -16	0.00	10.15	9.59	11.44	0.0128	0.2	0.22	0.4	0.3	3.29	0.19	0.22	0.49	0.26
140.5 -16	0.00	10.12	9.19	11.03	0.0096	0.21	0.23	0.42	0.3	3.38	0.19	0.2	0.5	0.26
141 -16	0.00	10.75	9.48	11.13	0.0143	0.22	0.22	0.42	0.31	3.5	0.2	0.22	0.46	0.27
141.5 -16	0.00	11.12	9.61	10.85	0.0089	0.21	0.22	0.4	0.31	3.28	0.19	0.23	0.45	0.28
142 -16	0.00	11.03	10.03	10.47	0.0112	0.22	0.22	0.42	0.3	3.15	0.19	0.23	0.46	0.28
142.5 -16	0.00	11.62	9.86	11.18	0.0105	0.21	0.22	0.44	0.31	2.73	0.2	0.21	0.43	0.28
143 -16	0.00	11.94	10.26	11.19	0.0084	0.23	0.23	0.45	0.31	2.1	0.22	0.23	0.45	0.26
127.5 -16.5	0.00	11.57	11.18	16.03	0.0091	0.22	0.27	0.41	0.31	4.12	0.23	0.27	0.44	0.3
128 -16.5	0.00	11.66	10.4	14.28	0.0125	0.2	0.26	0.38	0.3	4.21	0.23	0.26	0.46	0.28
128.5 -16.5	0.00	11.52	10.75	13.97	0.0144	0.2	0.26	0.36	0.3	3.62	0.21	0.24	0.45	0.28
129 -16.5	0.00	10.55	10.64	13.84	0.0124	0.2	0.25	0.36	0.29	3.35	0.2	0.23	0.42	0.27
129.5 -16.5	0.00	10.01	10.65	13.43	0.0127	0.18	0.24	0.39	0.31	2.79	0.2	0.21	0.42	0.27
130 -16.5	0.00	9.73	10.87	13.55	0.012	0.21	0.24	0.39	0.3	2.91	0.19	0.22	0.42	0.28
130.5 -16.5	0.00	10.58	10.47	12.72	0.0149	0.21	0.24	0.36	0.31	3.09	0.2	0.22	0.4	0.26
131 -16.5	0.00	10.68	10.88	13.36	0.0061	0.2	0.24	0.38	0.31	3.19	0.2	0.21	0.4	0.25
131.5 -16.5	0.00	10.72	10.49	13.23	0.0062	0.19	0.23	0.35	0.31	3.25	0.18	0.22	0.41	0.27
132 -16.5	0.00	10.55	10.51	12.87	0.0156	0.21	0.23	0.36	0.32	3.22	0.2	0.22	0.4	0.27
132.5 -16.5	0.00	10.33	10.54	12.33	0.0129	0.21	0.24	0.39	0.31	3.31	0.2	0.21	0.42	0.28
133 -16.5	0.00	9.48	10.76	10.98	0.0043	0.18	0.23	0.37	0.29	2.87	0.2	0.2	0.39	0.26
133.5 -16.5	0.00	10.95	11.32	10.65	0.0165	0.18	0.24	0.36	0.31	3.01	0.19	0.21	0.38	0.26
134 -16.5	0.00	10.76	8.84	10.17	0.0165	0.18	0.22	0.34	0.3	2.72	0.19	0.18	0.4	0.24
134.5 -16.5	0.00	10.12	9.29	10.38	0.0083	0.16	0.21	0.28	0.29	3.35	0.18	0.22	0.44	0.25
135 -16.5	0.00	9.97	10.46	11.42	0.0063	0.14	0.17	0.29	0.28	3.94	0.17	0.18	0.4	0.25
135.5 -16.5	0.00	8.58	11.02	9.78	0.0194	0.18	0.19	0.29	0.29	3.79	0.17	0.2	0.42	0.27
136 -16.5	0.00	9.69	11.94	10.64	0.0062	0.18	0.19	0.34	0.25	3.75	0.18	0.21	0.42	0.26
136.5 -16.5	0.00	10.79	11.24	10.19	0.0173	0.18	0.21	0.35	0.29	3.82	0.17	0.21	0.42	0.24
137 -16.5	0.00	10.94	11.76	11.38	0.0048	0.19	0.22	0.34	0.3	3.48	0.18	0.21	0.45	0.23
137.5 -16.5	0.00	11.91	10.76	12.03	0.0121	0.18	0.21	0.35	0.29	3.25	0.18	0.2	0.42	0.25
138 -16.5	0.00	10.52	10.01	11.92	0.0128	0.19	0.21	0.33	0.29	2.81	0.18	0.19	0.41	0.23
138.5 -16.5	0.00	10.52	9.2	12.11	0.014	0.2	0.2	0.33	0.27	2.41	0.19	0.2	0.42	0.27
139 -16.5	0.00	10.1	9.12	10.91	0.0117	0.2	0.21	0.34	0.31	2.96	0.18	0.22	0.45	0.24
139.5 -16.5	0.00	9.78	8.65	11.2	0.0122	0.21	0.2	0.36	0.27	3.22	0.19	0.2	0.46	0.27
140 -16.5	0.00	10.42	8.77	10.69	0.0102	0.2	0.21	0.38	0.27	3.3	0.21	0.21	0.49	0.25
140.5 -16.5	0.00	10.37	9.37	10.54	0.014	0.21	0.22	0.4	0.28	3.49	0.19	0.21	0.48	0.27
141 -16.5	0.00	10.87	9.23	10.79	0.0144	0.21	0.22	0.43	0.3	3.19	0.19	0.21	0.47	0.26
141.5 -16.5	0.00	10.61	9.16	10.54	0.0144	0.21	0.22	0.41	0.3	3.27	0.19	0.21	0.45	0.26
142 -16.5	0.00	10.24	9.19	10.89	0.0131	0.21	0.22	0.41	0.32	3.17	0.2	0.21	0.44	0.28
142.5 -16.5	0.00	10.58	10.01	10.99	0.0127	0.22	0.22	0.41	0.32	2.76	0.22	0.23	0.4	0.28
143 -16.5	0.00	10.84	9.87	11.85	0.0115	0.24	0.23	0.44	0.33	1.95	0.22	0.23	0.41	0.29
127.5 -17	0.00	11.98	11.3	15.94	0.0137	0.2	0.26	0.39	0.31	4.47	0.23	0.24	0.45	0.29
128 -17	0.00	11.53	10.91	15.17	0.0122	0.2	0.26	0.36	0.28	4.05	0.22	0.22	0.39	0.28
128.5 -17	0.00	10.82	10.88	14.43	0.0151	0.19	0.26	0.36	0.3	3.82	0.22	0.23	0.41	0.26
129 -17	0.00	10.25	10.33	13.29	0.0127	0.19	0.25	0.37	0.3	3.68	0.21	0.22	0.4	0.27
129.5 -17	0.00	10.07	11.05	12.53	0.0132	0.21	0.25	0.36	0.31	3.02	0.19	0.23	0.43	0.25
130 -17	0.00	9.39	10.63	12.59	0.0115	0.19	0.23	0.36	0.31	2.9	0.2	0.22	0.4	0.26
130.5 -17	0.00	10.02	10.69	11.85	0.0131	0.2	0.23	0.36	0.3	2.76	0.19	0.21	0.4	0.27
131 -17	0.00	10.4	10.64	12.18	0.0128	0.2	0.23	0.36	0.3	2.96	0.19	0.21	0.43	0.26
131.5 -17	0.00	10.7	10.97	12.29	0.0112	0.19	0.23	0.34	0.31	3.04	0.18	0.22	0.39	0.25
132 -17	0.00	9.97	10.44	12.23	0.0129	0.2	0.24	0.36	0.3	3.21	0.19	0.21	0.41	0.26
132.5 -17	0.00	10.33	9.99	12.63	0.0079	0.2	0.24	0.35	0.28	2.9	0.21	0.21	0.42	0.26
133 -17	0.00	9.29	10.09	10.97	0.017	0.19	0.22	0.37	0.3	2.63	0.2	0.22	0.4	0.26
133.5 -17	0.00	10.45	10.84	10.25	0.0162	0.17	0.21	0.35	0.29	2.48	0.19	0.21	0.39	0.25
134 -17	0.00	11.69	10.08	9.19	0.0056	0.19	0.22	0.3	0.33	2.55	0.18	0.2	0.43	0.27
134.5 -17	0.00	10.05	10.16	11.21	0.011	0.18	0.21	0.33	0.28	3.35	0.19	0.19	0.42	0.26
135 -17	0.00	9.32	10.08	9.97	0.0153	0.2	0.2	0.31	0.26	3.76	0.2	0.2	0.44	0.25
135.5 -17	0.00	10.36	9.66	9.55	0.0155	0.18	0.2	0.32	0.27	3.73	0.19	0.21	0.47	0.23
136 -17	0.00	11.06	10.04	9.57	0.0082	0.17	0.22	0.34	0.29	3.43	0.17	0.19	0.48	0.25
136.5 -17	0.00	8.84	10.21	10.08	0.0048	0.18	0.18	0.31	0.31	3.45	0.16	0.21	0.44	0.25
137 -17	0.00	10.89	9.92	11.83	0.013	0.19	0.2	0.34	0.31	3.62	0.18	0.23	0.45	0.26
137.5 -17	0.00	11.04	10.13	11.14	0.0051	0.17	0.22	0.35	0.31	3.76	0.19	0.22	0.46	0.26
138 -17	0.00	11.01	10.07	11.69	0.0094	0.17	0.2	0.34	0.28	3.44	0.18	0.21	0.43	0.26
138.5 -17	0.00	10.86	9.62	11.66	0.0158	0.19	0.21	0.34	0.28	3.05	0.18	0.2	0.43	0.25
139 -17	0.00	10.48	9.74	11.01	0.0112	0.19	0.22	0.36	0.27	3.23	0.19	0.18	0.44	0.27
139.5 -17	0.00	10.81	8.85	11.35	0.0132	0.19	0.2	0.37	0.29	3.14	0.19	0.21	0.45	0.27
140 -17	0.00	10.15	9.1	11.1	0.0117	0.2	0.2	0.43	0.28	3.56	0.19	0.22	0.46	0.28
140.5 -17	0.00	10.08	8.83	10.79	0.0097	0.2	0.22	0.36	0.29	3.8	0.18	0.2	0.47	0.28
141 -17	0.00	10.17	9.19	10.63	0.0128	0.2	0.21	0.39	0.27	3.75	0.18	0.23	0.45	0.25
141.5 -17	0.00	9.47	8.25	10.68	0.0161	0.2	0.2	0.39	0.3	3.24	0.18	0.21	0.42	0.26
142 -17	0.00	9.66	9.54	11.06	0.0121	0.22	0.21	0.41	0.33	3.16	0.18	0.22	0.41	0.24
142.5 -17	0.00	10.26	9.38	11.45	0.0098	0.22	0.22	0.4	0.33	2.64	0.2	0.22	0.39	0.27
143 -17	0.00	10.99	10.06	12.02	0.0151	0.25	0.24	0.41	0.33	1.92	0.2	0.22	0.42	0.3
127.5 -17.5	0.00	12.75	11.7	15.97	0.0127	0.21	0.28	0.38	0.31	4.6	0.22	0.22	0.39	0.28
128 -17.5	0.00	11.41	11.09	14.48	0.0132	0.2	0.27	0.35	0.29	4.36	0.21	0.23	0.4	0.28
128.5 -17.5	0.00	11.11	11.4	14.31	0.0156	0.19	0.24	0.35	0.3	4.09	0.22	0.21	0.38	0.27
129 -17.5	0.00	10.37	10.52	13.66	0.0159	0.21	0.25	0.35	0.28	3.73	0.2	0.22	0.4	0.27
129.5 -17.5	0.00	9.9	10.42	12.43	0.0148	0.21	0.24	0.36	0.31	3.27	0.19	0.22	0.4	0.26
130 -17.5	0.00	9.46	10.32	12.42	0.0143	0.2	0.24	0.36	0.3	2.91	0.21	0.2	0.39	0.26
130.5 -17.5	0.00	9.75	10.89	11.34	0.0127	0.2	0.23	0.34	0.3	2.79	0.19	0.21	0.41	0.27
131 -17.5	0.00	10.31	9.98	12.1	0.009	0.2	0.22	0.34	0.29	2.7	0.2	0.22	0.41	0.26
131.5 -17.5	0.00	10.19	10.22	11.89	0.01	0.19	0.22	0.36	0.29	2.82	0.18	0.21	0.41	0.26
132 -17.5	0.00	9.7	10.5	11.79	0.0129	0.2	0.24	0.34	0.29	2.99	0.19	0.21	0.41	0.25
132.5 -17.5	0.00	9.68	10.63	11.84	0.0145	0.2	0.24	0.37	0.27	2.93	0.19	0.22	0.45	0.26
133 -17.5	0.00	9.89	9.42	11.57	0.0139	0.18	0.23	0.35	0.26	2.8	0.19	0.2	0.43	0.26
133.5 -17.5	0.00	10.12	10.1	10.93	0.0082	0.18	0.21	0.32	0.29	2.85	0.18	0.21	0.4	0.27
134 -17.5	0.00	9.7	9.71	11.77	0.0159	0.2	0.24	0.33	0.3	3.47	0.19	0.2	0.4	0.26
134.5 -17.5	0.00	9.6	9.99	10.98	0.0068	0.18	0.22	0.42	0.31	3.67	0.2	0.2	0.41	0.26
135 -17.5	0.00	9.12	9.99	10.81	0.0114	0.17	0.23	0.34	0.3	3.76	0.21	0.2	0.43	0.25
135.5 -17.5	0.00	10.09	9.95	10.3	0.0163	0.17	0.19	0.36	0.31	3.57	0.18	0.21	0.43	0.25
136 -17.5	0.00	8.25	10.73	8.82	0.0099	0.17	0.16	0.29	0.29	4.48	0.17	0.21	0.41	0.23
136.5 -17.5	0.00	9.79	9.34	10.4	0.0103	0.19	0.2	0.33	0.3	3.62	0.18	0.2	0.42	0.23
137 -17.5	0.00	9.01	9.44	11.25	0.0112	0.19	0.23	0.3	0.29	3.56	0.18	0.2	0.44	0.25
137.5 -17.5	0.00	10.72	9.33	10.56	0.0083	0.17	0.2	0.33	0.33	3.69	0.16	0.22	0.44	0.24
138 -17.5	0.00	10.2	9.17	10.09	0.0129	0.17	0.21	0.37	0.29	3.45	0.16	0.22	0.44	0.28
138.5 -17.5	0.00	10.98	10.71	11.19	0.013	0.18	0.18	0.35	0.29	3.91	0.18	0.2	0.43	0.24
139 -17.5	0.00	9.41	9.18	11.94	0.0055	0.17	0.17	0.38	0.28	3.72	0.16	0.17	0.4	0.25
139.5 -17.5	0.00	9.65	9.79	10.29	0.013	0.19	0.2	0.38	0.27	3.81	0.19	0.21	0.41	0.28
140 -17.5	0.00	9.91	8.67	9.38	0.0125	0.18	0.21	0.36	0.3	3.65	0.2	0.21	0.43	0.28
140.5 -17.5	0.00	10.2	9.5	10.19	0.0089	0.19	0.2	0.38	0.27	4.23	0.19	0.21	0.46	0.27
141 -17.5	0.00	9.91	8.75	10.68	0.0125	0.19	0.2	0.34	0.26	3.94	0.2	0.23	0.44	0.26
141.5 -17.5	0.00	10.19	8.78	10.92	0.0126	0.19	0.2	0.38	0.31	3.45	0.18	0.23	0.41	0.26
142 -17.5	0.00	9.7	8.83	10.65	0.0158	0.21	0.21	0.35	0.32	2.78	0.17	0.22	0.39	0.27
142.5 -17.5	0.00	9.98	9.52	11.11	0.0112	0.21	0.21	0.38	0.32	2.71	0.19	0.2	0.41	0.27
143 -17.5	0.00	10.73	9.94	11.73	0.0145	0.22	0.23	0.42	0.36	1.86	0.2	0.22	0.44	0.3
127.5 -18	0.00	11.93	11.92	15.68	0.0125	0.22	0.26	0.38	0.31	4.63	0.23	0.26	0.42	0.28
128 -18	0.00	11.05	11.2	14.8	0.0105	0.2	0.24	0.36	0.3	4.27	0.21	0.24	0.39	0.27
128.5 -18	0.00	10.65	10.5	14.34	0.0116	0.2	0.25	0.35	0.28	4.17	0.21	0.21	0.42	0.25
129 -18	0.00	10.45	10.53	13.56	0.0161	0.2	0.23	0.36	0.29	3.93	0.19	0.22	0.4	0.26
129.5 -18	0.00	10.45	10.44	13.1	0.0127	0.2	0.23	0.37	0.28	3.41	0.21	0.22	0.4	0.26
130 -18	0.00	10.05	9.75	11.94	0.0109	0.2	0.24	0.33	0.27	2.96	0.2	0.21	0.41	0.27
130.5 -18	0.00	9.48	10.46	11.31	0.0151	0.2	0.22	0.38	0.31	2.72	0.2	0.2	0.41	0.26
131 -18	0.00	9.84	10.12	11.52	0.0115	0.2	0.22	0.37	0.29	2.79	0.2	0.22	0.41	0.26
131.5 -18	0.00	9.84	9.67	12.73	0.0048	0.19	0.23	0.34	0.29	2.61	0.18	0.22	0.4	0.23
132 -18	0.00	9.86	9.37	12.1	0.0145	0.2	0.27	0.35	0.29	2.8	0.16	0.21	0.44	0.25
132.5 -18	0.00	9.62	10.64	11.83	0.0121	0.19	0.24	0.35	0.27	3.22	0.18	0.2	0.42	0.26
133 -18	0.00	9.25	10.13	12.23	0.0151	0.19	0.23	0.32	0.27	3.29	0.17	0.21	0.43	0.24
133.5 -18	0.00	9.08	9.76	11.89	0.0095	0.18	0.23	0.31	0.29	3.45	0.18	0.21	0.39	0.26
134 -18	0.00	9.26	9.71	11.16	0.016	0.19	0.24	0.33	0.31	3.63	0.18	0.21	0.38	0.24
134.5 -18	0.00	9.41	9.56	10.99	0.0083	0.17	0.22	0.34	0.29	3.66	0.19	0.21	0.39	0.25
135 -18	0.00	9.49	10.53	11.11	0.0111	0.17	0.21	0.31	0.27	3.54	0.15	0.2	0.37	0.24
135.5 -18	0.00	10.33	11.01	9.91	0.008	0.16	0.21	0.29	0.27	4.04	0.15	0.2	0.41	0.25
136 -18	0.00	9.63	10.03	9.25	0.0113	0.17	0.2	0.33	0.28	4.68	0.19	0.2	0.4	0.28
136.5 -18	0.00	8.98	9.25	10.31	0.0065	0.18	0.22	0.31	0.28	4.1	0.18	0.2	0.39	0.25
137 -18	0.00	9.98	9.75	10.18	0.0119	0.18	0.21	0.34	0.27	3.7	0.2	0.22	0.42	0.26
137.5 -18	0.00	9.87	8.56	9.69	0.0072	0.17	0.22	0.41	0.27	3.65	0.19	0.21	0.45	0.27
138 -18	0.00	10.27	10.02	10	0.01	0.18	0.21	0.36	0.29	3.99	0.18	0.22	0.44	0.25
138.5 -18	0.00	10.26	9.63	11.14	0.0148	0.16	0.19	0.35	0.29	3.56	0.16	0.2	0.41	0.22
139 -18	0.00	9.42	9.56	9.16	0.0097	0.14	0.18	0.31	0.28	4.26	0.16	0.19	0.34	0.28
139.5 -18	0.00	9.43	8.52	8.85	0.0128	0.18	0.23	0.32	0.31	3.91	0.19	0.19	0.39	0.29
140 -18	0.00	10.17	9.66	9.97	0.0126	0.18	0.21	0.34	0.29	3.69	0.21	0.2	0.41	0.29
140.5 -18	0.00	9.23	9.1	11.02	0.0144	0.2	0.2	0.32	0.29	3.62	0.21	0.19	0.41	0.24
141 -18	0.00	9.93	9.93	10.21	0.0119	0.19	0.2	0.36	0.28	3.7	0.2	0.21	0.42	0.27
141.5 -18	0.00	8.83	8.55	11.13	0.013	0.2	0.2	0.36	0.28	3.31	0.19	0.21	0.41	0.24
142 -18	0.00	9.36	9.62	11.72	0.0102	0.21	0.2	0.34	0.28	3.14	0.17	0.19	0.4	0.26
142.5 -18	0.00	10.2	9.47	11.64	0.0148	0.2	0.21	0.36	0.3	2.79	0.18	0.21	0.45	0.28
143 -18	0.00	10.57	9.53	12.08	0.0127	0.23	0.22	0.44	0.33	1.6	0.19	0.22	0.47	0.27
127.5 -18.5	0.00	11.33	11.72	15.25	0.0105	0.2	0.26	0.39	0.32	4.76	0.21	0.23	0.43	0.28
128 -18.5	0.00	11.48	11.32	14.32	0.0092	0.2	0.25	0.36	0.31	4.33	0.2	0.24	0.39	0.26
128.5 -18.5	0.00	10.84	10.7	14.4	0.0114	0.18	0.25	0.36	0.29	4.38	0.2	0.22	0.41	0.25
129 -18.5	0.00	11.01	9.87	14.35	0.008	0.2	0.22	0.35	0.27	3.84	0.2	0.22	0.42	0.26
129.5 -18.5	0.00	10.42	10.15	12.94	0.0136	0.2	0.23	0.37	0.3	3.56	0.22	0.22	0.42	0.27
130 -18.5	0.00	9.98	10.37	12.88	0.0154	0.2	0.21	0.35	0.28	3.29	0.19	0.21	0.43	0.26
130.5 -18.5	0.00	10.07	10.66	12.85	0.008	0.2	0.21	0.35	0.3	3.02	0.19	0.21	0.4	0.26
131 -18.5	0.00	10.03	10.86	12.34	0.0121	0.2	0.21	0.34	0.29	2.8	0.18	0.2	0.42	0.26
131.5 -18.5	0.00	9.72	10.6	12.6	0.0169	0.21	0.21	0.34	0.26	3.01	0.16	0.21	0.45	0.24
132 -18.5	0.00	9.98	9.94	12.48	0.0157	0.18	0.23	0.34	0.28	3.63	0.15	0.19	0.43	0.25
132.5 -18.5	0.00	8.9	9.94	11.72	0.012	0.2	0.25	0.33	0.29	3.25	0.17	0.21	0.47	0.25
133 -18.5	0.00	9.3	9.9	11.52	0.0079	0.18	0.23	0.34	0.28	3.7	0.17	0.22	0.4	0.27
133.5 -18.5	0.00	9.27	9.35	10.83	0.0107	0.17	0.24	0.36	0.3	3.52	0.17	0.22	0.42	0.26
134 -18.5	0.00	9.5	9.72	12.87	0.013	0.17	0.24	0.32	0.29	3.91	0.17	0.19	0.4	0.26
134.5 -18.5	0.00	9.67	9.51	11.15	0.0086	0.17	0.22	0.35	0.3	3.44	0.17	0.22	0.34	0.23
135 -18.5	0.00	10.33	10.55	10.35	0.0104	0.17	0.23	0.31	0.29	3.42	0.18	0.2	0.35	0.24
135.5 -18.5	0.00	9.37	9.95	10.36	0.0131	0.16	0.22	0.32	0.29	3.46	0.17	0.21	0.37	0.24
136 -18.5	0.00	9.41	9.65	9.96	0.0126	0.17	0.21	0.32	0.27	3.7	0.17	0.23	0.38	0.24
136.5 -18.5	0.00	8.61	9.74	9.42	0.0114	0.17	0.2	0.34	0.3	4.25	0.17	0.22	0.37	0.27
137 -18.5	0.00	9.21	8.4	10.3	0.0071	0.15	0.2	0.31	0.25	4.17	0.17	0.23	0.37	0.25
137.5 -18.5	0.00	9.14	8.74	10.16	0.0153	0.15	0.2	0.36	0.28	3.65	0.15	0.24	0.42	0.27
138 -18.5	0.00	9.69	9.26	10.27	0.0059	0.16	0.19	0.34	0.29	3.77	0.17	0.2	0.39	0.27
138.5 -18.5	0.00	9.75	10.04	10.02	0.0078	0.15	0.19	0.32	0.28	3.81	0.17	0.2	0.41	0.26
139 -18.5	0.00	9.65	8.73	10.2	0.0061	0.13	0.16	0.33	0.29	4.16	0.18	0.22	0.45	0.27
139.5 -18.5	0.00	10.29	9.32	9.15	0.0107	0.18	0.21	0.28	0.3	3.9	0.19	0.19	0.4	0.31
140 -18.5	0.00	9.19	8.72	9.24	0.0109	0.16	0.19	0.29	0.27	3.34	0.19	0.23	0.39	0.24
140.5 -18.5	0.00	10.4	9.51	10.81	0.0054	0.19	0.22	0.34	0.29	3.71	0.19	0.21	0.43	0.25
141 -18.5	0.00	9.51	9.2	10.81	0.0089	0.19	0.2	0.36	0.29	3.49	0.19	0.21	0.42	0.26
141.5 -18.5	0.00	8.97	9.85	10.17	0.0128	0.19	0.21	0.37	0.29	3.44	0.19	0.21	0.39	0.26
142 -18.5	0.00	9.32	10.12	11.17	0.0138	0.19	0.2	0.35	0.29	3.08	0.18	0.21	0.42	0.25
142.5 -18.5	0.00	9.98	8.86	11.91	0.0065	0.21	0.21	0.38	0.28	2.72	0.18	0.2	0.44	0.26
143 -18.5	0.00	10.41	9.7	12.12	0.0124	0.2	0.22	0.43	0.28	1.42	0.16	0.21	0.44	0.28
127.5 -19	0.00	11.36	12.09	14.73	0.0115	0.22	0.26	0.38	0.32	4.46	0.21	0.25	0.46	0.28
128 -19	0.00	10.82	11.25	14.18	0.0127	0.21	0.26	0.37	0.32	4.43	0.2	0.24	0.41	0.28
128.5 -19	0.00	10.37	11.31	14.08	0.0116	0.2	0.25	0.36	0.31	4.3	0.2	0.23	0.37	0.26
129 -19	0.00	10.05	10.76	14.18	0.0141	0.19	0.25	0.34	0.29	3.96	0.21	0.23	0.4	0.26
129.5 -19	0.00	9.88	10.51	13.28	0.0114	0.19	0.23	0.35	0.29	3.59	0.22	0.22	0.37	0.27
130 -19	0.00	10.65	10.42	13.15	0.0094	0.21	0.22	0.33	0.29	3.29	0.2	0.21	0.38	0.25
130.5 -19	0.00	10.1	10.9	13.89	0.0137	0.2	0.23	0.36	0.28	3.09	0.19	0.21	0.41	0.27
131 -19	0.00	10.12	11.96	13.36	0.0133	0.23	0.22	0.32	0.29	2.92	0.17	0.21	0.45	0.25
131.5 -19	0.00	9.68	10.66	13.11	0.0121	0.2	0.21	0.33	0.27	3.34	0.17	0.2	0.48	0.26
132 -19	0.00	8.74	10.49	13.05	0.0112	0.19	0.23	0.33	0.3	4.18	0.17	0.2	0.44	0.24
132.5 -19	0.00	9.15	9.36	11.56	0.0121	0.2	0.21	0.36	0.27	3.49	0.17	0.21	0.44	0.25
133 -19	0.00	9.67	9.08	10.63	0.013	0.17	0.22	0.37	0.28	3.69	0.17	0.19	0.44	0.24
133.5 -19	0.00	9.99	10.18	10.76	0.0163	0.17	0.23	0.31	0.28	3.5	0.17	0.2	0.42	0.25
134 -19	0.00	10.18	8.75	10.88	0.0068	0.15	0.26	0.31	0.3	3.69	0.17	0.21	0.4	0.22
134.5 -19	0.00	10.29	9.56	10.49	0.0094	0.14	0.22	0.3	0.3	3.38	0.16	0.19	0.38	0.26
135 -19	0.00	9.86	9.74	10.89	0.0126	0.17	0.23	0.36	0.28	3.52	0.16	0.22	0.38	0.26
135.5 -19	0.00	10.05	9.33	11.06	0.006	0.15	0.22	0.28	0.27	3.46	0.16	0.21	0.39	0.24
136 -19	0.00	9.51	9.24	10.44	0.0107	0.16	0.21	0.33	0.3	4.06	0.17	0.21	0.39	0.24
136.5 -19	0.00	9.2	9.57	9.53	0.0058	0.15	0.23	0.31	0.25	3.6	0.17	0.19	0.41	0.24
137 -19	0.00	9.6	8.49	10.05	0.0165	0.17	0.2	0.3	0.28	3.84	0.17	0.21	0.39	0.26
137.5 -19	0.00	9.99	9.42	9.94	0.0062	0.16	0.19	0.32	0.29	4.08	0.16	0.24	0.39	0.25
138 -19	0.00	9.59	9.75	11.21	0.0078	0.16	0.19	0.36	0.29	3.34	0.16	0.2	0.4	0.26
138.5 -19	0.00	9.31	9.52	9.77	0.0117	0.17	0.21	0.3	0.28	3.7	0.18	0.21	0.41	0.26
139 -19	0.00	9.47	9.53	8.22	0.0067	0.14	0.19	0.32	0.3	4.23	0.19	0.25	0.38	0.27
139.5 -19	0.00	9.83	8.96	9.11	0.0099	0.16	0.2	0.32	0.3	3.69	0.2	0.2	0.38	0.25
140 -19	0.00	10.48	9.81	11.64	0.0046	0.16	0.2	0.3	0.29	3.44	0.17	0.22	0.38	0.26
140.5 -19	0.00	9.96	9.59	10.33	0.0134	0.19	0.2	0.32	0.27	3.61	0.19	0.22	0.37	0.29
141 -19	0.00	9.52	10.03	10.99	0.0115	0.18	0.2	0.32	0.26	3.63	0.19	0.2	0.41	0.27
141.5 -19	0.00	8.98	9.63	11.35	0.0145	0.19	0.22	0.35	0.28	3.56	0.19	0.2	0.37	0.27
142 -19	0.00	9.84	9.41	11.71	0.0128	0.19	0.21	0.35	0.29	3.18	0.19	0.21	0.4	0.25
142.5 -19	0.00	10.25	8.79	11.56	0.0091	0.2	0.2	0.4	0.29	2.96	0.18	0.2	0.43	0.26
143 -19	0.00	10.79	9.5	12.02	0.0091	0.21	0.22	0.41	0.3	2.06	0.18	0.21	0.46	0.27
127.5 -19.5	0.00	11.4	12.64	14.22	0.0134	0.22	0.26	0.4	0.32	4.11	0.22	0.24	0.47	0.27
128 -19.5	0.00	10.69	12	13.88	0.0102	0.19	0.23	0.35	0.31	3.92	0.21	0.22	0.44	0.27
128.5 -19.5	0.00	10.31	11.42	14.28	0.0135	0.21	0.21	0.37	0.27	3.85	0.2	0.22	0.41	0.27
129 -19.5	0.00	9.49	11.28	14.14	0.0136	0.22	0.22	0.34	0.31	3.57	0.21	0.21	0.4	0.3
129.5 -19.5	0.00	9.94	10.17	14.38	0.0159	0.19	0.24	0.36	0.3	3.33	0.2	0.22	0.4	0.27
130 -19.5	0.00	10.21	10.74	12.97	0.0131	0.24	0.24	0.37	0.28	3.57	0.2	0.21	0.4	0.26
130.5 -19.5	0.00	10.72	11.74	13.94	0.0115	0.19	0.24	0.38	0.24	3.04	0.19	0.2	0.42	0.27
131 -19.5	0.00	9.6	11.01	13.63	0.0078	0.2	0.24	0.31	0.27	3.4	0.16	0.21	0.42	0.23
131.5 -19.5	0.00	9.59	11.19	13.44	0.0067	0.21	0.21	0.31	0.28	3.61	0.18	0.16	0.47	0.25
132 -19.5	0.00	10.87	8.9	12.64	0.0128	0.21	0.25	0.32	0.23	3.55	0.21	0.16	0.46	0.25
132.5 -19.5	0.00	9.42	10.24	11.33	0.0096	0.18	0.21	0.35	0.27	3.68	0.17	0.18	0.47	0.27
133 -19.5	0.00	9.67	9.48	10.63	0.0118	0.19	0.22	0.3	0.28	3.77	0.19	0.19	0.46	0.26
133.5 -19.5	0.00	9.74	9.19	10.6	0.0109	0.18	0.23	0.32	0.29	3.64	0.16	0.2	0.45	0.28
134 -19.5	0.00	9.7	9.64	11.25	0.0121	0.14	0.23	0.29	0.31	3.85	0.18	0.22	0.46	0.28
134.5 -19.5	0.00	9.74	10	11.8	0.0136	0.14	0.21	0.3	0.3	3.55	0.18	0.22	0.43	0.25
135 -19.5	0.00	9.98	9.78	10.92	0.0158	0.16	0.23	0.3	0.3	3.3	0.17	0.21	0.42	0.25
135.5 -19.5	0.00	10.04	8.8	10.52	0.011	0.15	0.23	0.32	0.28	3.31	0.16	0.21	0.41	0.25
136 -19.5	0.00	9.6	9.3	10.02	0.008	0.18	0.22	0.34	0.28	3.32	0.17	0.22	0.4	0.25
136.5 -19.5	0.00	9.73	9.77	9.98	0.016	0.17	0.21	0.32	0.29	3.24	0.16	0.21	0.39	0.24
137 -19.5	0.00	9.3	9.97	9.32	0.0067	0.16	0.2	0.31	0.29	3.36	0.16	0.19	0.37	0.28
137.5 -19.5	0.00	9.99	8.9	9.38	0.0073	0.16	0.19	0.31	0.32	3.3	0.17	0.2	0.38	0.27
138 -19.5	0.00	9.86	8.9	10.13	0.0073	0.17	0.17	0.28	0.27	3.55	0.18	0.2	0.38	0.27
138.5 -19.5	0.00	8.94	9.7	9.89	0.012	0.16	0.21	0.31	0.28	3.77	0.18	0.21	0.38	0.25
139 -19.5	0.00	9.55	8.16	8.93	0.0117	0.18	0.21	0.35	0.32	3.58	0.18	0.24	0.38	0.26
139.5 -19.5	0.00	9.74	11.22	9.55	0.0169	0.16	0.19	0.27	0.32	3.82	0.16	0.19	0.33	0.3
140 -19.5	0.00	9.57	9.76	9.41	0.0131	0.16	0.2	0.37	0.27	3.74	0.21	0.18	0.35	0.25
140.5 -19.5	0.00	9.84	9.4	9.27	0.0152	0.17	0.22	0.34	0.26	3.39	0.23	0.22	0.37	0.27
141 -19.5	0.00	9.23	8.53	10.22	0.016	0.17	0.2	0.35	0.28	3.84	0.19	0.2	0.41	0.24
141.5 -19.5	0.00	9.33	9.34	10.82	0.0073	0.18	0.19	0.34	0.29	3.45	0.18	0.19	0.38	0.25
142 -19.5	0.00	8.84	8.66	10.86	0.0066	0.19	0.19	0.36	0.3	3.31	0.18	0.19	0.44	0.25
142.5 -19.5	0.00	9.62	9.34	11.35	0.008	0.19	0.2	0.4	0.27	3.08	0.16	0.2	0.45	0.26
143 -19.5	0.00	10.19	9.93	12.57	0.014	0.19	0.2	0.43	0.3	1.8	0.19	0.2	0.47	0.27
127.5 -20	0.00	11.65	13.78	13.53	0.0156	0.24	0.26	0.39	0.32	3.31	0.22	0.24	0.46	0.28
128 -20	0.00	11.27	12.23	13.55	0.0077	0.24	0.24	0.39	0.29	3.45	0.22	0.22	0.45	0.28
128.5 -20	0.00	10.44	10.99	13.55	0.0103	0.22	0.22	0.34	0.3	3.48	0.23	0.21	0.42	0.3
129 -20	0.00	9.44	11.73	14.55	0.0114	0.2	0.22	0.36	0.29	3.1	0.2	0.2	0.41	0.28
129.5 -20	0.00	9.9	11.22	13.86	0.0089	0.21	0.21	0.35	0.28	3.16	0.2	0.21	0.39	0.24
130 -20	0.00	10.31	11.49	12.69	0.0115	0.21	0.24	0.39	0.24	2.89	0.2	0.22	0.39	0.27
130.5 -20	0.00	11.08	12.03	12.34	0.0102	0.21	0.21	0.36	0.26	3.12	0.17	0.2	0.41	0.27
131 -20	0.00	12.03	10.85	12.42	0.0106	0.2	0.2	0.32	0.27	3.06	0.16	0.2	0.45	0.26
131.5 -20	0.00	10.87	11.68	12.32	0.0115	0.19	0.2	0.34	0.25	2.86	0.18	0.19	0.45	0.24
132 -20	0.00	9.45	10.62	11.77	0.0094	0.19	0.21	0.29	0.26	2.96	0.16	0.19	0.45	0.24
132.5 -20	0.00	10.93	8.57	10.57	0.0067	0.18	0.23	0.33	0.26	3.18	0.14	0.16	0.45	0.22
133 -20	0.00	10.05	9.44	9.73	0.0088	0.17	0.22	0.36	0.26	3.39	0.15	0.19	0.47	0.26
133.5 -20	0.00	10.6	8.79	10.06	0.0097	0.15	0.22	0.3	0.31	3.68	0.19	0.17	0.5	0.29
134 -20	0.00	8.57	9.69	11.26	0.0145	0.16	0.23	0.31	0.31	3.63	0.19	0.21	0.46	0.28
134.5 -20	0.00	9.39	9.96	11.35	0.006	0.17	0.23	0.29	0.28	4.16	0.2	0.2	0.46	0.26
135 -20	0.00	9.68	9.08	10.71	0.0093	0.16	0.24	0.33	0.31	3.24	0.18	0.2	0.41	0.27
135.5 -20	0.00	9.22	9.49	9.5	0.0127	0.15	0.23	0.28	0.28	3.29	0.16	0.21	0.37	0.24
136 -20	0.00	9.22	9.24	9.97	0.0102	0.15	0.23	0.3	0.29	3.3	0.16	0.22	0.35	0.27
136.5 -20	0.00	8.67	8.4	10.37	0.0101	0.19	0.22	0.33	0.29	3.32	0.17	0.22	0.38	0.23
137 -20	0.00	9.88	8.95	9.5	0.0074	0.17	0.23	0.34	0.32	2.61	0.18	0.22	0.39	0.25
137.5 -20	0.00	8.96	9.09	11.34	0.0142	0.18	0.22	0.33	0.3	2.83	0.18	0.2	0.36	0.23
138 -20	0.00	10.94	9.79	10.02	0.0076	0.17	0.21	0.33	0.27	3.15	0.18	0.2	0.37	0.29
138.5 -20	0.00	8.53	8.85	11.04	0.0052	0.18	0.22	0.32	0.29	3.18	0.18	0.2	0.39	0.26
139 -20	0.00	8.62	11.69	9.1	0.0077	0.17	0.19	0.3	0.3	3.62	0.17	0.22	0.34	0.3
139.5 -20	0.00	8.98	9.58	8.57	0.0085	0.15	0.19	0.31	0.3	3.58	0.18	0.2	0.39	0.28
140 -20	0.00	9.23	9.93	8.51	0.0047	0.16	0.19	0.31	0.27	3.72	0.22	0.21	0.39	0.28
140.5 -20	0.00	10.14	9.18	9.94	0.018	0.18	0.19	0.39	0.29	3.55	0.21	0.2	0.39	0.26
141 -20	0.00	9.6	9.06	10.42	0.0063	0.18	0.19	0.31	0.28	3.51	0.2	0.2	0.4	0.26
141.5 -20	0.00	9.33	9.12	10.67	0.0146	0.17	0.18	0.29	0.27	3.63	0.18	0.2	0.4	0.24
142 -20	0.00	9.83	8.79	11.34	0.0117	0.17	0.21	0.35	0.28	3.3	0.16	0.2	0.37	0.25
142.5 -20	0.00	9.31	9.03	12.28	0.0081	0.19	0.2	0.38	0.3	3.06	0.16	0.19	0.41	0.26
143 -20	0.00	10.49	10.45	13.66	0.0097	0.19	0.22	0.42	0.31	2.29	0.18	0.2	0.47	0.27
127.5 -20.5	0.00	11.45	13.96	13.7	0.0117	0.23	0.28	0.4	0.32	2.83	0.22	0.24	0.42	0.28
128 -20.5	0.00	10.54	12.3	12.35	0.0114	0.22	0.25	0.39	0.31	2.88	0.23	0.21	0.42	0.29
128.5 -20.5	0.00	10.2	11.39	12.35	0.0136	0.22	0.25	0.36	0.28	2.94	0.2	0.2	0.4	0.25
129 -20.5	0.00	10.8	11.86	13.1	0.0053	0.21	0.22	0.34	0.28	2.9	0.2	0.21	0.36	0.3
129.5 -20.5	0.00	9.83	11	12.43	0.0105	0.21	0.2	0.37	0.29	2.96	0.2	0.21	0.41	0.26
130 -20.5	0.00	10.32	10.74	11.92	0.0128	0.2	0.2	0.36	0.29	3.04	0.19	0.21	0.41	0.26
130.5 -20.5	0.00	12.51	12.42	13.08	0.0164	0.21	0.2	0.35	0.32	2.51	0.18	0.19	0.41	0.26
131 -20.5	0.00	12.17	12.11	11.23	0.0093	0.21	0.22	0.32	0.27	2.85	0.18	0.2	0.43	0.26
131.5 -20.5	0.00	12.5	11.59	11.1	0.008	0.19	0.21	0.33	0.27	2.72	0.19	0.2	0.47	0.24
132 -20.5	0.00	10.93	11.02	11.22	0.0103	0.18	0.21	0.34	0.26	3	0.16	0.21	0.46	0.25
132.5 -20.5	0.00	10.22	9.31	10.48	0.0086	0.17	0.2	0.31	0.28	3.12	0.14	0.17	0.46	0.27
133 -20.5	0.00	9.86	9.43	10.62	0.0066	0.16	0.2	0.3	0.27	3.16	0.16	0.18	0.48	0.25
133.5 -20.5	0.00	10.61	9.06	10.29	0.0143	0.16	0.22	0.33	0.29	3.32	0.17	0.2	0.47	0.29
134 -20.5	0.00	9.9	9.57	10.05	0.0115	0.18	0.24	0.3	0.3	3.58	0.19	0.21	0.48	0.28
134.5 -20.5	0.00	8.75	10.21	11.24	0.011	0.16	0.25	0.34	0.3	3.52	0.19	0.22	0.41	0.3
135 -20.5	0.00	9.17	9.37	11.21	0.0122	0.17	0.22	0.35	0.29	3.41	0.18	0.23	0.42	0.27
135.5 -20.5	0.00	10.09	8.91	10.67	0.0118	0.17	0.22	0.29	0.29	3.27	0.16	0.2	0.41	0.25
136 -20.5	0.00	9.82	8.98	10.29	0.0129	0.17	0.21	0.36	0.31	3.09	0.16	0.21	0.39	0.25
136.5 -20.5	0.00	9.66	9.58	9.82	0.0066	0.18	0.23	0.38	0.29	2.86	0.16	0.21	0.4	0.27
137 -20.5	0.00	9.82	8.47	11.72	0.0064	0.18	0.22	0.36	0.28	2.17	0.17	0.19	0.32	0.24
137.5 -20.5	0.00	10.56	9.47	10.24	0.0072	0.17	0.23	0.36	0.27	3.33	0.2	0.19	0.36	0.27
138 -20.5	0.00	9.53	8.95	10.11	0.0161	0.19	0.23	0.35	0.3	3.23	0.2	0.22	0.42	0.24
138.5 -20.5	0.00	9.29	9.13	10.04	0.0073	0.17	0.21	0.35	0.3	3.3	0.18	0.19	0.42	0.26
139 -20.5	0.00	8.71	9.83	9.73	0.0077	0.17	0.2	0.33	0.3	3.56	0.19	0.2	0.39	0.27
139.5 -20.5	0.00	8.93	8.49	8.98	0.0071	0.16	0.17	0.29	0.3	3.82	0.18	0.18	0.35	0.28
140 -20.5	0.00	10.97	11.32	9.51	0.0048	0.17	0.16	0.29	0.25	3.3	0.16	0.17	0.42	0.27
140.5 -20.5	0.00	9.05	11.65	11.15	0.0053	0.18	0.17	0.28	0.32	3.56	0.15	0.24	0.43	0.26
141 -20.5	0.00	9.04	10.08	9.58	0.0107	0.17	0.17	0.29	0.26	3.43	0.18	0.2	0.41	0.25
141.5 -20.5	0.00	9.11	8.82	10.33	0.0101	0.17	0.17	0.32	0.27	3.36	0.19	0.18	0.47	0.28
142 -20.5	0.00	9.85	9.13	11.18	0.0119	0.16	0.2	0.36	0.29	3.24	0.18	0.2	0.4	0.27
142.5 -20.5	0.00	10.34	9.01	11.75	0.0061	0.18	0.21	0.39	0.33	3.02	0.17	0.18	0.39	0.28
143 -20.5	0.00	10.51	10.53	13.18	0.0139	0.18	0.23	0.41	0.32	2.25	0.17	0.18	0.45	0.27
127.5 -21	0.00	11.16	12.46	13.46	0.0137	0.23	0.27	0.43	0.3	2.82	0.22	0.23	0.45	0.28
128 -21	0.00	11.16	12.58	13.27	0.0133	0.2	0.26	0.39	0.3	2.98	0.2	0.22	0.38	0.27
128.5 -21	0.00	11	12.85	12.54	0.0094	0.2	0.24	0.38	0.28	2.77	0.18	0.2	0.33	0.27
129 -21	0.00	10.05	12.2	12.8	0.0158	0.21	0.23	0.35	0.3	2.75	0.18	0.21	0.37	0.26
129.5 -21	0.00	9.78	11.03	12.21	0.0172	0.22	0.2	0.35	0.27	2.86	0.17	0.22	0.41	0.24
130 -21	0.00	10.62	11.37	12.09	0.0117	0.2	0.2	0.35	0.3	2.49	0.19	0.19	0.4	0.27
130.5 -21	0.00	11.41	11.58	12.2	0.0131	0.18	0.25	0.3	0.28	2.44	0.18	0.2	0.39	0.25
131 -21	0.00	12.5	11.91	11.79	0.0069	0.19	0.23	0.32	0.28	2.55	0.17	0.19	0.46	0.26
131.5 -21	0.00	11.79	11.48	10.43	0.0083	0.2	0.23	0.32	0.29	2.44	0.19	0.17	0.46	0.26
132 -21	0.00	10.47	10.44	10.01	0.0132	0.2	0.21	0.34	0.27	2.72	0.16	0.19	0.48	0.26
132.5 -21	0.00	10.41	10.46	10.38	0.0149	0.16	0.21	0.35	0.27	2.83	0.15	0.19	0.42	0.23
133 -21	0.00	9.89	9.27	10.26	0.0071	0.18	0.22	0.34	0.29	2.95	0.16	0.2	0.47	0.26
133.5 -21	0.00	9.53	9.05	10.5	0.0138	0.16	0.22	0.36	0.27	3.41	0.18	0.18	0.47	0.25
134 -21	0.00	10.03	8.58	10.98	0.0079	0.18	0.21	0.34	0.28	3.39	0.15	0.18	0.44	0.27
134.5 -21	0.00	9.64	8.61	11.13	0.0117	0.16	0.22	0.32	0.28	3.32	0.18	0.22	0.43	0.24
135 -21	0.00	9.97	9.25	10.6	0.013	0.17	0.21	0.36	0.3	3.3	0.17	0.21	0.42	0.26
135.5 -21	0.00	9.94	9.01	11.38	0.0084	0.18	0.21	0.34	0.3	3.5	0.17	0.21	0.4	0.25
136 -21	0.00	9.44	9.97	10.25	0.0126	0.19	0.22	0.34	0.27	3.13	0.17	0.21	0.42	0.25
136.5 -21	0.00	8.91	10.42	11.07	0.006	0.17	0.21	0.38	0.27	2.9	0.17	0.22	0.38	0.23
137 -21	0.00	9.75	9.06	10.41	0.0108	0.19	0.23	0.37	0.28	2.54	0.16	0.2	0.32	0.25
137.5 -21	0.00	10.45	8.41	10.7	0.0067	0.18	0.24	0.4	0.29	2.89	0.18	0.22	0.37	0.21
138 -21	0.00	10.16	9.45	9.7	0.0124	0.19	0.22	0.36	0.29	3.46	0.18	0.19	0.37	0.25
138.5 -21	0.00	9.78	9.14	9.21	0.0174	0.2	0.18	0.37	0.27	3.37	0.18	0.19	0.38	0.24
139 -21	0.00	9.77	9.64	9.75	0.0126	0.18	0.2	0.34	0.3	3.55	0.19	0.19	0.37	0.25
139.5 -21	0.00	9.41	9.33	10.16	0.0126	0.18	0.19	0.36	0.29	3.9	0.18	0.2	0.39	0.26
140 -21	0.00	9.22	11.24	8.16	0.0043	0.19	0.17	0.33	0.27	3.73	0.15	0.19	0.38	0.25
140.5 -21	0.00	9.47	10.49	9.95	0.0102	0.18	0.16	0.29	0.26	3.41	0.16	0.19	0.42	0.25
141 -21	0.00	9.11	9.77	10.81	0.0103	0.16	0.17	0.34	0.26	3.12	0.22	0.19	0.42	0.26
141.5 -21	0.00	9.09	10.1	10.24	0.0094	0.17	0.18	0.34	0.27	2.97	0.18	0.21	0.39	0.28
142 -21	0.00	9.23	9.84	10.72	0.0153	0.18	0.19	0.38	0.28	3.25	0.19	0.2	0.38	0.27
142.5 -21	0.00	9.72	9.97	12.21	0.0062	0.19	0.19	0.39	0.3	2.63	0.17	0.18	0.4	0.27
143 -21	0.00	10.23	11.25	11.88	0.014	0.2	0.22	0.4	0.33	2.17	0.17	0.18	0.44	0.27
127.5 -21.5	0.00	11.69	12.57	14	0.0133	0.22	0.26	0.43	0.31	3.27	0.23	0.22	0.42	0.28
128 -21.5	0.00	10.91	13.05	13.76	0.0158	0.21	0.24	0.41	0.29	2.98	0.2	0.21	0.37	0.29
128.5 -21.5	0.00	10.16	13.19	12.67	0.0126	0.21	0.23	0.39	0.3	3.27	0.19	0.22	0.37	0.27
129 -21.5	0.00	10.5	12.43	12.25	0.0118	0.2	0.21	0.37	0.29	3.01	0.19	0.21	0.34	0.27
129.5 -21.5	0.00	10.5	13.36	11.43	0.0074	0.19	0.21	0.36	0.28	2.81	0.19	0.2	0.35	0.27
130 -21.5	0.00	10.14	11.55	11.68	0.0156	0.2	0.22	0.32	0.27	2.48	0.18	0.21	0.37	0.26
130.5 -21.5	0.00	11.36	10.93	10.35	0.0096	0.2	0.25	0.33	0.28	2.32	0.16	0.19	0.44	0.25
131 -21.5	0.00	11.24	11.84	10.64	0.0107	0.19	0.26	0.32	0.29	2.14	0.17	0.16	0.5	0.25
131.5 -21.5	0.00	12.16	11.65	9.31	0.0137	0.2	0.21	0.37	0.29	2.42	0.15	0.17	0.49	0.25
132 -21.5	0.00	10.64	12.04	9.47	0.0116	0.19	0.19	0.31	0.29	2.63	0.17	0.19	0.49	0.28
132.5 -21.5	0.00	9.82	10.03	9.34	0.0079	0.17	0.21	0.33	0.27	2.56	0.15	0.18	0.46	0.26
133 -21.5	0.00	8.79	9.98	9.84	0.0101	0.16	0.21	0.34	0.29	3.2	0.15	0.16	0.41	0.24
133.5 -21.5	0.00	9.91	9.98	10.42	0.0117	0.17	0.2	0.32	0.27	3.22	0.16	0.18	0.44	0.26
134 -21.5	0.00	9.09	10.32	11	0.0094	0.19	0.22	0.32	0.27	3.37	0.16	0.17	0.42	0.27
134.5 -21.5	0.00	8.96	9.36	11.2	0.0153	0.19	0.21	0.31	0.3	3.42	0.17	0.2	0.44	0.27
135 -21.5	0.00	10.52	9.08	10.51	0.0154	0.19	0.21	0.31	0.3	3.49	0.17	0.22	0.42	0.25
135.5 -21.5	0.00	10.58	9.25	10.02	0.0115	0.19	0.2	0.34	0.28	3.67	0.19	0.21	0.38	0.25
136 -21.5	0.00	9.9	10.44	9.94	0.0113	0.19	0.21	0.36	0.28	3.33	0.18	0.19	0.38	0.26
136.5 -21.5	0.00	9.07	10.65	9.14	0.0157	0.18	0.22	0.34	0.26	3.54	0.17	0.21	0.35	0.24
137 -21.5	0.00	9.3	9.46	9.81	0.0117	0.2	0.22	0.37	0.27	3.44	0.18	0.21	0.34	0.28
137.5 -21.5	0.00	9.98	9.16	9.16	0.0074	0.21	0.21	0.35	0.28	3.26	0.18	0.21	0.34	0.25
138 -21.5	0.00	8.8	9.97	9.51	0.0056	0.19	0.21	0.35	0.28	3.35	0.17	0.2	0.39	0.25
138.5 -21.5	0.00	9.32	10.48	9.93	0.0121	0.19	0.19	0.33	0.26	3.52	0.18	0.22	0.39	0.25
139 -21.5	0.00	10.77	10.43	10.58	0.0123	0.18	0.19	0.33	0.26	3.4	0.2	0.22	0.37	0.27
139.5 -21.5	0.00	9.87	10.61	10.51	0.0065	0.18	0.19	0.34	0.27	3.52	0.17	0.2	0.35	0.28
140 -21.5	0.00	9.07	10.19	9.97	0.0067	0.18	0.18	0.33	0.24	3.44	0.19	0.19	0.37	0.24
140.5 -21.5	0.00	9.19	10.65	9.74	0.0126	0.17	0.18	0.33	0.26	3.49	0.19	0.21	0.43	0.25
141 -21.5	0.00	9.36	10.34	9.91	0.0142	0.17	0.19	0.33	0.26	3.31	0.19	0.21	0.38	0.25
141.5 -21.5	0.00	10.15	10.55	9.85	0.0131	0.17	0.18	0.32	0.29	3.13	0.2	0.2	0.34	0.28
142 -21.5	0.00	9.65	10.13	10.16	0.0104	0.18	0.19	0.36	0.27	2.92	0.19	0.19	0.39	0.27
142.5 -21.5	0.00	10.14	10.88	10.25	0.0112	0.2	0.2	0.38	0.29	2.36	0.19	0.18	0.41	0.27
143 -21.5	0.00	10.32	11.42	11.21	0.0118	0.19	0.22	0.47	0.33	1.94	0.17	0.19	0.4	0.27
127.5 -22	0.00	11.96	13.29	14.42	0.0131	0.21	0.26	0.42	0.31	3.96	0.22	0.22	0.44	0.29
128 -22	0.00	10.86	12.61	14.01	0.0116	0.2	0.23	0.38	0.32	3.46	0.2	0.22	0.41	0.28
128.5 -22	0.00	10.44	13.04	13.85	0.0099	0.19	0.22	0.37	0.3	3.19	0.18	0.19	0.38	0.28
129 -22	0.00	10.01	14.88	12.76	0.0109	0.19	0.25	0.4	0.29	3.07	0.16	0.21	0.39	0.29
129.5 -22	0.00	10.72	13.26	11.54	0.0057	0.19	0.26	0.37	0.31	3.04	0.18	0.2	0.36	0.27
130 -22	0.00	10.42	12.78	10.35	0.0088	0.16	0.21	0.33	0.28	2.82	0.16	0.19	0.39	0.23
130.5 -22	0.00	12.09	12.51	10.53	0.0147	0.17	0.23	0.33	0.31	2.55	0.16	0.18	0.4	0.28
131 -22	0.00	12.97	12.18	9.62	0.0048	0.18	0.25	0.34	0.3	2.54	0.16	0.19	0.47	0.26
131.5 -22	0.00	12.26	11.6	9.54	0.0101	0.21	0.19	0.32	0.25	2.88	0.15	0.17	0.49	0.25
132 -22	0.00	11.44	11.16	9.25	0.007	0.18	0.21	0.31	0.28	3	0.15	0.18	0.47	0.25
132.5 -22	0.00	10.22	11.39	9.93	0.0065	0.18	0.22	0.29	0.31	3.18	0.14	0.16	0.45	0.25
133 -22	0.00	10.2	9.87	9.14	0.0146	0.15	0.2	0.37	0.3	3.15	0.14	0.17	0.39	0.22
133.5 -22	0.00	9.96	9.97	9.42	0.0088	0.17	0.23	0.3	0.28	3.62	0.16	0.18	0.38	0.24
134 -22	0.00	9.84	9.56	9.94	0.0127	0.16	0.22	0.3	0.32	3.5	0.15	0.2	0.43	0.26
134.5 -22	0.00	9.92	9.17	10.33	0.0117	0.17	0.24	0.33	0.28	3.82	0.18	0.19	0.41	0.26
135 -22	0.00	9.98	9.71	10.33	0.0102	0.18	0.23	0.37	0.28	3.86	0.18	0.21	0.36	0.24
135.5 -22	0.00	10.13	9.18	10.26	0.0125	0.2	0.2	0.35	0.3	3.95	0.19	0.21	0.38	0.25
136 -22	0.00	9.17	9.31	9.94	0.0168	0.2	0.22	0.39	0.27	3.84	0.2	0.2	0.37	0.27
136.5 -22	0.00	9.07	9.8	9.39	0.0118	0.19	0.21	0.37	0.26	3.72	0.2	0.21	0.32	0.26
137 -22	0.00	8.64	10.04	9.52	0.0143	0.23	0.23	0.34	0.29	3.75	0.2	0.22	0.32	0.26
137.5 -22	0.00	9.85	10.72	9.81	0.0091	0.22	0.25	0.34	0.28	3.54	0.19	0.2	0.34	0.26
138 -22	0.00	9.62	10.64	9.77	0.0116	0.2	0.21	0.34	0.3	3.58	0.2	0.2	0.36	0.26
138.5 -22	0.00	10.09	10.66	9.94	0.0118	0.18	0.2	0.34	0.28	3.58	0.21	0.22	0.42	0.28
139 -22	0.00	9.5	10.18	10.36	0.0094	0.17	0.2	0.32	0.29	3.46	0.19	0.2	0.4	0.25
139.5 -22	0.00	9.36	10.79	11.07	0.0107	0.19	0.2	0.34	0.27	3.92	0.2	0.21	0.37	0.27
140 -22	0.00	9.77	10.18	9.85	0.0127	0.19	0.21	0.37	0.31	3.76	0.22	0.2	0.38	0.27
140.5 -22	0.00	8.67	9.86	9.05	0.0101	0.18	0.2	0.35	0.3	3.56	0.22	0.21	0.41	0.25
141 -22	0.00	8.54	10.15	9.4	0.0078	0.19	0.21	0.37	0.27	3.55	0.21	0.2	0.36	0.25
141.5 -22	0.00	10.16	9.63	10.24	0.0114	0.18	0.21	0.37	0.26	3.23	0.19	0.22	0.38	0.27
142 -22	0.00	9.69	10.13	10.07	0.0136	0.2	0.2	0.32	0.28	2.48	0.2	0.21	0.38	0.28
142.5 -22	0.00	10.08	11.04	10.72	0.0122	0.2	0.21	0.35	0.3	2.02	0.18	0.18	0.4	0.26
143 -22	0.00	10.53	11.42	10.89	0.0138	0.19	0.23	0.39	0.34	1.48	0.17	0.17	0.4	0.27
127.5 -22.5	0.00	12.61	13.45	14.06	0.0125	0.22	0.26	0.43	0.32	4.38	0.21	0.23	0.46	0.28
128 -22.5	0.00	10.86	12.56	12.87	0.0146	0.2	0.24	0.4	0.32	3.81	0.21	0.2	0.41	0.26
128.5 -22.5	0.00	10.08	12.48	12.32	0.013	0.19	0.23	0.36	0.3	3.61	0.19	0.2	0.38	0.26
129 -22.5	0.00	10.42	13.24	12.06	0.0075	0.19	0.22	0.35	0.31	3.18	0.18	0.22	0.34	0.26
129.5 -22.5	0.00	9.67	14.42	11.12	0.0134	0.18	0.25	0.33	0.28	3.01	0.18	0.19	0.36	0.27
130 -22.5	0.00	10.84	13.82	11.08	0.0111	0.2	0.21	0.34	0.29	3.32	0.18	0.2	0.4	0.26
130.5 -22.5	0.00	11.55	13.08	10.05	0.0148	0.18	0.21	0.33	0.3	3.14	0.17	0.19	0.4	0.28
131 -22.5	0.00	11.99	12.1	9.72	0.0124	0.19	0.23	0.32	0.27	2.92	0.16	0.17	0.44	0.24
131.5 -22.5	0.00	12.65	12.83	10.29	0.014	0.18	0.2	0.35	0.28	2.98	0.16	0.2	0.45	0.25
132 -22.5	0.00	13.53	11.16	11.18	0.0057	0.2	0.22	0.33	0.27	2.82	0.16	0.19	0.47	0.27
132.5 -22.5	0.00	11.96	10.4	9.54	0.0112	0.18	0.22	0.32	0.29	3.01	0.16	0.2	0.44	0.28
133 -22.5	0.00	10.16	9.75	10.62	0.0147	0.15	0.21	0.33	0.3	3.41	0.15	0.18	0.39	0.24
133.5 -22.5	0.00	10.16	9.37	9.55	0.0089	0.14	0.23	0.34	0.29	3.49	0.16	0.18	0.35	0.24
134 -22.5	0.00	10.08	9.92	10.07	0.0083	0.15	0.22	0.31	0.29	3.56	0.17	0.2	0.39	0.27
134.5 -22.5	0.00	9.91	9.65	9.93	0.0121	0.17	0.22	0.33	0.3	3.69	0.17	0.19	0.38	0.26
135 -22.5	0.00	9.32	8.98	9.69	0.0093	0.16	0.21	0.38	0.25	3.69	0.17	0.19	0.38	0.25
135.5 -22.5	0.00	9.61	9.38	10.08	0.0129	0.18	0.22	0.37	0.29	3.79	0.17	0.21	0.36	0.26
136 -22.5	0.00	8.38	9.7	9.02	0.0118	0.18	0.21	0.37	0.28	3.92	0.19	0.21	0.37	0.26
136.5 -22.5	0.00	9.49	9.45	9.99	0.0092	0.18	0.23	0.37	0.27	3.89	0.19	0.2	0.37	0.25
137 -22.5	0.00	9.8	10.39	10.25	0.0072	0.21	0.23	0.35	0.29	3.7	0.21	0.22	0.41	0.27
137.5 -22.5	0.00	9.73	10.36	10.18	0.0074	0.2	0.24	0.36	0.27	3.55	0.19	0.22	0.37	0.27
138 -22.5	0.00	9.45	10.89	10.18	0.0151	0.19	0.22	0.36	0.29	3.71	0.2	0.21	0.37	0.28
138.5 -22.5	0.00	9.58	11.16	10.66	0.0158	0.19	0.2	0.35	0.27	3.57	0.19	0.23	0.42	0.26
139 -22.5	0.00	9.24	10.4	10.05	0.0127	0.19	0.2	0.34	0.28	3.8	0.18	0.2	0.4	0.28
139.5 -22.5	0.00	9.49	10.59	8.97	0.0089	0.17	0.19	0.35	0.27	3.9	0.19	0.22	0.46	0.28
140 -22.5	0.00	9.35	9.88	9.38	0.0115	0.18	0.19	0.35	0.28	3.58	0.21	0.2	0.41	0.26
140.5 -22.5	0.00	9.66	10	9.16	0.0072	0.18	0.2	0.37	0.3	3.5	0.18	0.21	0.35	0.26
141 -22.5	0.00	9.33	10.09	10.06	0.0151	0.17	0.2	0.44	0.27	3.47	0.17	0.2	0.35	0.27
141.5 -22.5	0.00	9.32	10.64	9.53	0.0118	0.19	0.22	0.38	0.28	3.08	0.2	0.21	0.36	0.26
142 -22.5	0.00	10.82	11	10.44	0.0129	0.19	0.21	0.36	0.28	2.92	0.2	0.19	0.38	0.27
142.5 -22.5	0.00	10.02	11.25	11.77	0.0126	0.2	0.22	0.35	0.3	2.19	0.18	0.19	0.39	0.25
143 -22.5	0.00	11.21	12	12.64	0.0155	0.2	0.23	0.38	0.33	1.24	0.16	0.19	0.39	0.26
127.5 -23	0.00	12.69	13.71	13.34	0.0124	0.2	0.25	0.42	0.33	4.62	0.22	0.23	0.46	0.29
128 -23	0.00	12.09	11.66	13.3	0.0156	0.19	0.24	0.42	0.28	4.27	0.21	0.21	0.43	0.28
128.5 -23	0.00	11.64	12.22	12.21	0.0169	0.18	0.24	0.38	0.31	3.92	0.21	0.21	0.39	0.27
129 -23	0.00	10.84	11	13.24	0.008	0.16	0.24	0.29	0.33	3.5	0.18	0.23	0.34	0.26
129.5 -23	0.00	10.89	13.26	10.96	0.0116	0.17	0.23	0.35	0.28	3.37	0.19	0.21	0.37	0.26
130 -23	0.00	11.98	14.47	10.65	0.0071	0.21	0.26	0.33	0.29	3.81	0.21	0.2	0.36	0.23
130.5 -23	0.00	12.65	14.96	9.31	0.0137	0.2	0.23	0.39	0.3	3.37	0.19	0.19	0.41	0.26
131 -23	0.00	12.75	13.4	10.3	0.0108	0.17	0.22	0.36	0.3	3.1	0.15	0.18	0.44	0.24
131.5 -23	0.00	11.96	12.26	9.61	0.0102	0.2	0.21	0.35	0.27	3.34	0.17	0.18	0.44	0.26
132 -23	0.00	13.06	11.72	10.19	0.015	0.19	0.23	0.49	0.28	2.95	0.16	0.18	0.43	0.28
132.5 -23	0.00	12	9.8	8.38	0.0116	0.15	0.2	0.33	0.32	3.27	0.18	0.2	0.39	0.27
133 -23	0.00	11.51	9.38	9.05	0.0052	0.17	0.24	0.36	0.31	3.91	0.18	0.19	0.38	0.27
133.5 -23	0.00	11.72	9.09	9.19	0.005	0.16	0.22	0.29	0.3	3.55	0.17	0.18	0.37	0.26
134 -23	0.00	9.99	10.33	9.47	0.0071	0.15	0.21	0.29	0.26	3.16	0.18	0.2	0.37	0.23
134.5 -23	0.00	9.4	10.6	10.6	0.0115	0.16	0.22	0.32	0.3	3.83	0.18	0.19	0.36	0.26
135 -23	0.00	9.29	9.82	9.94	0.0052	0.17	0.22	0.35	0.26	4.05	0.14	0.18	0.38	0.23
135.5 -23	0.00	9.38	9.97	9.86	0.0119	0.18	0.21	0.37	0.29	3.64	0.18	0.2	0.37	0.25
136 -23	0.00	8.13	8.97	11.36	0.011	0.2	0.22	0.35	0.29	3.72	0.2	0.22	0.36	0.27
136.5 -23	0.00	9.03	9.81	11.17	0.0108	0.19	0.23	0.37	0.3	3.81	0.18	0.2	0.41	0.27
137 -23	0.00	8.98	10.37	10.07	0.0076	0.19	0.22	0.34	0.28	3.88	0.18	0.21	0.39	0.27
137.5 -23	0.00	9.41	10.38	10.65	0.0149	0.19	0.24	0.34	0.29	3.84	0.2	0.22	0.38	0.27
138 -23	0.00	9.1	10.09	10.97	0.0069	0.2	0.23	0.36	0.27	3.86	0.19	0.22	0.41	0.27
138.5 -23	0.00	9.05	11.62	10.79	0.0089	0.19	0.23	0.36	0.27	3.44	0.21	0.23	0.38	0.26
139 -23	0.00	9.49	12.63	10.54	0.0104	0.19	0.22	0.34	0.29	3.96	0.22	0.21	0.4	0.29
139.5 -23	0.00	9.44	10.95	9.45	0.0104	0.18	0.19	0.37	0.27	3.77	0.21	0.21	0.4	0.3
140 -23	0.00	10.04	10.94	9.94	0.0106	0.18	0.2	0.34	0.28	3.75	0.2	0.21	0.37	0.27
140.5 -23	0.00	9.92	10.95	9.93	0.0123	0.18	0.2	0.34	0.29	3.68	0.2	0.2	0.35	0.26
141 -23	0.00	10.31	11.34	9.65	0.0154	0.18	0.21	0.34	0.28	3.44	0.21	0.22	0.35	0.27
141.5 -23	0.00	10.48	11.62	9.8	0.0149	0.19	0.22	0.35	0.3	3.39	0.19	0.19	0.37	0.26
142 -23	0.00	10.01	11.24	10.01	0.0138	0.2	0.22	0.36	0.29	3.15	0.19	0.2	0.4	0.28
142.5 -23	0.00	10.56	11.38	10.73	0.0125	0.2	0.22	0.37	0.29	2.37	0.18	0.2	0.41	0.26
143 -23	0.00	11.24	11.86	11.97	0.0118	0.21	0.22	0.38	0.3	1.69	0.17	0.19	0.42	0.26
127.5 -23.5	0.00	12.02	12.95	12.57	0.0118	0.2	0.26	0.4	0.34	4.84	0.21	0.24	0.44	0.27
128 -23.5	0.00	11.33	12.49	11.95	0.0125	0.17	0.26	0.39	0.29	4.61	0.2	0.21	0.42	0.27
128.5 -23.5	0.00	11.59	11.78	11.79	0.0095	0.18	0.22	0.34	0.31	4.09	0.19	0.2	0.43	0.29
129 -23.5	0.00	11.66	12.72	12.63	0.007	0.17	0.23	0.32	0.31	3.95	0.19	0.21	0.4	0.26
129.5 -23.5	0.00	11.31	14.38	12.18	0.0126	0.18	0.21	0.33	0.27	3.93	0.19	0.19	0.4	0.23
130 -23.5	0.00	11.99	14.3	11.73	0.0086	0.18	0.23	0.34	0.29	3.8	0.19	0.19	0.4	0.26
130.5 -23.5	0.00	11.54	13.88	10.53	0.0169	0.17	0.22	0.34	0.3	4.05	0.16	0.19	0.43	0.24
131 -23.5	0.00	10.88	13.73	8.94	0.0087	0.17	0.21	0.33	0.29	3.37	0.15	0.19	0.4	0.27
131.5 -23.5	0.00	11.86	13.21	8.75	0.0108	0.17	0.24	0.36	0.3	3.4	0.13	0.18	0.4	0.27
132 -23.5	0.00	12.22	10.82	9.74	0.0106	0.16	0.24	0.35	0.28	3.66	0.14	0.17	0.4	0.27
132.5 -23.5	0.00	12.12	9.17	9.63	0.0149	0.17	0.2	0.39	0.28	3.78	0.14	0.17	0.38	0.25
133 -23.5	0.00	12.44	9.62	9.19	0.0054	0.15	0.2	0.33	0.24	3.61	0.16	0.18	0.38	0.27
133.5 -23.5	0.00	11.1	10.93	10.74	0.0153	0.16	0.2	0.34	0.25	4.1	0.16	0.18	0.37	0.23
134 -23.5	0.00	9.36	10.5	9.39	0.0046	0.2	0.19	0.33	0.32	4.07	0.23	0.21	0.36	0.26
134.5 -23.5	0.00	10.26	10.75	10.8	0.0082	0.15	0.2	0.28	0.29	3.94	0.17	0.17	0.33	0.27
135 -23.5	0.00	9.88	11.83	10.52	0.0118	0.15	0.23	0.31	0.27	3.82	0.17	0.18	0.31	0.25
135.5 -23.5	0.00	9.69	10.51	10.92	0.0079	0.17	0.2	0.34	0.29	3.84	0.15	0.19	0.37	0.25
136 -23.5	0.00	9.8	10.38	10.62	0.013	0.18	0.22	0.36	0.28	3.81	0.18	0.2	0.41	0.27
136.5 -23.5	0.00	9.28	10.16	10.64	0.0101	0.18	0.23	0.36	0.27	3.62	0.2	0.21	0.4	0.27
137 -23.5	0.00	9.78	10.38	10.94	0.0132	0.19	0.23	0.37	0.29	3.55	0.18	0.21	0.41	0.27
137.5 -23.5	0.00	9.29	10.78	10.83	0.0158	0.2	0.23	0.34	0.28	3.7	0.2	0.23	0.41	0.25
138 -23.5	0.00	9.3	11.1	10.25	0.0148	0.19	0.24	0.37	0.28	3.58	0.2	0.22	0.41	0.27
138.5 -23.5	0.00	9.32	11.67	10.68	0.0123	0.19	0.23	0.37	0.27	3.44	0.2	0.22	0.4	0.26
139 -23.5	0.00	9.44	11.89	10.47	0.0127	0.18	0.22	0.36	0.29	3.48	0.2	0.21	0.4	0.26
139.5 -23.5	0.00	9.3	11.71	10.01	0.0162	0.19	0.21	0.35	0.28	3.73	0.2	0.22	0.39	0.26
140 -23.5	0.00	9.83	11.32	10.02	0.0098	0.19	0.19	0.37	0.29	3.72	0.2	0.21	0.37	0.27
140.5 -23.5	0.00	9.95	11.8	10.14	0.0141	0.19	0.22	0.35	0.28	3.85	0.21	0.22	0.37	0.26
141 -23.5	0.00	9.89	11.84	9.66	0.0113	0.19	0.21	0.36	0.29	3.8	0.21	0.21	0.41	0.27
141.5 -23.5	0.00	10.22	12.09	9.78	0.0146	0.19	0.23	0.36	0.3	3.57	0.2	0.22	0.38	0.27
142 -23.5	0.00	10.37	11.88	10.54	0.013	0.2	0.23	0.35	0.31	3.29	0.2	0.2	0.41	0.27
142.5 -23.5	0.00	10.65	11.4	11.23	0.0138	0.2	0.23	0.39	0.3	3.04	0.18	0.2	0.41	0.26
143 -23.5	0.00	11.31	12.02	11.73	0.0118	0.21	0.24	0.4	0.33	2.38	0.17	0.19	0.42	0.27
127.5 -24	0.00	12.19	13.03	13.04	0.0151	0.2	0.27	0.42	0.32	4.96	0.2	0.23	0.43	0.27
128 -24	0.00	11.74	12.13	11.27	0.0139	0.2	0.27	0.37	0.31	4.26	0.2	0.22	0.4	0.28
128.5 -24	0.00	12.17	12.2	13.29	0.0117	0.19	0.25	0.37	0.29	3.96	0.2	0.21	0.42	0.25
129 -24	0.00	11.54	13.79	13.07	0.0171	0.19	0.22	0.34	0.29	4.17	0.19	0.2	0.43	0.25
129.5 -24	0.00	11.21	14.85	13.78	0.0057	0.17	0.21	0.32	0.28	4.24	0.19	0.18	0.43	0.24
130 -24	0.00	11.62	13.63	12.19	0.0115	0.18	0.21	0.31	0.27	3.67	0.18	0.21	0.44	0.25
130.5 -24	0.00	12.81	12.57	10.06	0.0157	0.15	0.25	0.32	0.31	3.67	0.16	0.19	0.39	0.24
131 -24	0.00	11.24	12.83	9.08	0.0056	0.17	0.19	0.33	0.29	3.55	0.14	0.17	0.42	0.22
131.5 -24	0.00	11.09	11.57	9.56	0.017	0.17	0.21	0.34	0.28	3.78	0.15	0.17	0.36	0.27
132 -24	0.00	11.25	10.31	9.03	0.0093	0.15	0.21	0.34	0.26	3.97	0.14	0.16	0.37	0.25
132.5 -24	0.00	10.2	10.05	9.83	0.0083	0.17	0.2	0.35	0.29	4.01	0.15	0.16	0.4	0.23
133 -24	0.00	11.15	10.05	9.4	0.0088	0.16	0.2	0.36	0.28	4.02	0.13	0.17	0.39	0.27
133.5 -24	0.00	10.24	11.75	11.65	0.0062	0.16	0.2	0.33	0.28	3.78	0.13	0.14	0.36	0.25
134 -24	0.00	11.29	12.48	11.43	0.0098	0.15	0.2	0.35	0.3	3.91	0.14	0.15	0.38	0.24
134.5 -24	0.00	9.6	11.28	12.06	0.0157	0.15	0.22	0.32	0.3	4.19	0.15	0.16	0.34	0.25
135 -24	0.00	9.76	11.42	10.63	0.013	0.15	0.21	0.32	0.29	3.98	0.17	0.21	0.35	0.27
135.5 -24	0.00	9.77	11.55	12.5	0.0109	0.17	0.2	0.33	0.29	4.16	0.17	0.19	0.34	0.27
136 -24	0.00	10.33	10.35	11.27	0.0124	0.18	0.21	0.35	0.3	4.56	0.19	0.2	0.39	0.26
136.5 -24	0.00	10.34	10.46	10.85	0.0101	0.18	0.23	0.35	0.29	3.86	0.2	0.21	0.42	0.26
137 -24	0.00	10.3	10.82	10.98	0.0123	0.19	0.24	0.37	0.27	3.66	0.2	0.21	0.41	0.27
137.5 -24	0.00	9.64	10.82	10.72	0.0161	0.2	0.23	0.36	0.29	3.5	0.2	0.22	0.41	0.27
138 -24	0.00	9.66	11.37	10.45	0.0121	0.2	0.22	0.37	0.3	3.41	0.19	0.22	0.38	0.26
138.5 -24	0.00	10.02	10.97	10.49	0.0139	0.18	0.23	0.36	0.28	3.52	0.21	0.22	0.4	0.26
139 -24	0.00	9.36	11.5	10.04	0.0133	0.17	0.23	0.35	0.29	3.29	0.19	0.22	0.38	0.25
139.5 -24	0.00	9.85	11.09	10.03	0.016	0.18	0.21	0.35	0.29	3.45	0.19	0.2	0.37	0.27
140 -24	0.00	9.63	11.12	10.34	0.0115	0.19	0.2	0.38	0.28	3.65	0.2	0.22	0.38	0.27
140.5 -24	0.00	9.48	11.85	9.81	0.0116	0.19	0.21	0.33	0.29	3.62	0.19	0.22	0.39	0.27
141 -24	0.00	9.79	11.89	9.38	0.0147	0.2	0.22	0.36	0.28	3.65	0.2	0.21	0.38	0.25
141.5 -24	0.00	9.52	12.19	10.6	0.0119	0.2	0.22	0.34	0.27	3.82	0.18	0.21	0.41	0.26
142 -24	0.00	9.75	12.25	10.62	0.0122	0.2	0.23	0.37	0.29	3.36	0.19	0.19	0.43	0.27
142.5 -24	0.00	10.34	12.05	11.08	0.0124	0.2	0.25	0.38	0.3	3.24	0.19	0.18	0.43	0.25
143 -24	0.00	11.18	11.95	11.95	0.0128	0.2	0.26	0.42	0.31	2.91	0.18	0.2	0.45	0.26
127.5 -24.5	0.00	12.41	12.89	12.24	0.0123	0.2	0.26	0.4	0.34	4.97	0.2	0.24	0.44	0.29
128 -24.5	0.00	12.01	12.53	11.59	0.0138	0.2	0.27	0.4	0.3	4.66	0.2	0.23	0.43	0.25
128.5 -24.5	0.00	11.88	13.87	11.31	0.0155	0.2	0.24	0.35	0.29	4.47	0.23	0.25	0.42	0.26
129 -24.5	0.00	11.2	14.9	11.91	0.0147	0.22	0.21	0.32	0.29	4.22	0.2	0.22	0.4	0.28
129.5 -24.5	0.00	11.51	15.05	11.62	0.0108	0.19	0.22	0.34	0.27	3.92	0.19	0.19	0.42	0.26
130 -24.5	0.00	11.92	13.68	11.7	0.0076	0.16	0.22	0.31	0.31	3.4	0.16	0.19	0.45	0.27
130.5 -24.5	0.00	14.35	11.34	10.64	0.0069	0.18	0.21	0.35	0.28	3.88	0.18	0.16	0.4	0.24
131 -24.5	0.00	12.89	10.72	9.82	0.0123	0.17	0.21	0.35	0.32	3.42	0.16	0.19	0.39	0.26
131.5 -24.5	0.00	12.41	11.04	9.7	0.0143	0.19	0.23	0.34	0.29	3.7	0.18	0.19	0.38	0.26
132 -24.5	0.00	11.02	11.26	8.43	0.0056	0.19	0.22	0.32	0.26	4.35	0.17	0.21	0.4	0.27
132.5 -24.5	0.00	10.76	11.37	9.93	0.0108	0.18	0.24	0.36	0.3	3.78	0.17	0.18	0.46	0.23
133 -24.5	0.00	9.17	12.22	10.18	0.0065	0.17	0.23	0.33	0.28	4.01	0.15	0.16	0.42	0.23
133.5 -24.5	0.00	9.82	12.34	10.68	0.0108	0.17	0.23	0.39	0.3	3.95	0.15	0.16	0.39	0.25
134 -24.5	0.00	10.35	12.43	11	0.0139	0.17	0.19	0.38	0.29	4.15	0.15	0.19	0.38	0.25
134.5 -24.5	0.00	10.45	11.53	10.88	0.0139	0.18	0.21	0.35	0.3	4.09	0.18	0.19	0.37	0.26
135 -24.5	0.00	10.51	11.44	10.56	0.0107	0.18	0.21	0.35	0.28	3.9	0.19	0.2	0.34	0.26
135.5 -24.5	0.00	10.3	10.75	10.97	0.013	0.19	0.22	0.35	0.3	4.31	0.19	0.21	0.37	0.29
136 -24.5	0.00	10.04	12.01	11.39	0.0071	0.18	0.23	0.37	0.28	3.94	0.17	0.19	0.4	0.27
136.5 -24.5	0.00	9.74	10.58	11.01	0.0136	0.2	0.22	0.38	0.27	3.7	0.19	0.22	0.44	0.27
137 -24.5	0.00	9.89	10.88	10.88	0.0167	0.21	0.24	0.37	0.27	3.29	0.19	0.2	0.41	0.26
137.5 -24.5	0.00	9.92	10.97	10.72	0.0136	0.19	0.23	0.37	0.28	3.37	0.2	0.2	0.42	0.25
138 -24.5	0.00	10.16	11.07	9.96	0.011	0.2	0.23	0.36	0.31	3.14	0.2	0.21	0.4	0.26
138.5 -24.5	0.00	10.45	11.15	9.65	0.0143	0.2	0.23	0.38	0.3	3.19	0.19	0.2	0.39	0.25
139 -24.5	0.00	9.79	11.36	9.42	0.0119	0.19	0.24	0.37	0.3	3.19	0.2	0.22	0.38	0.27
139.5 -24.5	0.00	9.69	11.25	9.89	0.0098	0.19	0.22	0.34	0.29	3.16	0.18	0.2	0.43	0.26
140 -24.5	0.00	9.98	11.25	10.53	0.0101	0.2	0.21	0.35	0.28	3.39	0.2	0.21	0.41	0.27
140.5 -24.5	0.00	10.74	11.64	10.34	0.0125	0.2	0.22	0.35	0.29	3.38	0.2	0.22	0.4	0.27
141 -24.5	0.00	10.09	11.64	10.34	0.0152	0.21	0.23	0.35	0.28	3.49	0.2	0.2	0.43	0.25
141.5 -24.5	0.00	9.74	11.65	10.6	0.0157	0.21	0.24	0.35	0.27	3.44	0.19	0.22	0.43	0.26
142 -24.5	0.00	9.32	11.97	11.59	0.0141	0.21	0.25	0.37	0.26	3.61	0.19	0.2	0.42	0.26
142.5 -24.5	0.00	9.33	11.73	11.49	0.0115	0.2	0.24	0.38	0.31	3.42	0.19	0.21	0.44	0.26
143 -24.5	0.00	10.65	11.85	12.77	0.015	0.21	0.25	0.44	0.31	3.51	0.19	0.2	0.46	0.26
127.5 -25	0.00	12.2	13.77	11.87	0.0111	0.17	0.29	0.38	0.33	5.03	0.22	0.23	0.45	0.27
128 -25	0.00	11.79	13.4	11.27	0.0117	0.19	0.27	0.39	0.3	4.75	0.22	0.23	0.42	0.26
128.5 -25	0.00	11.12	12.86	11.76	0.0126	0.21	0.23	0.38	0.3	4.36	0.21	0.25	0.4	0.25
129 -25	0.00	10.86	13.57	12.84	0.0066	0.23	0.22	0.39	0.28	4.16	0.21	0.21	0.39	0.25
129.5 -25	0.00	11.24	13.52	12.26	0.0134	0.21	0.22	0.35	0.3	4	0.21	0.21	0.41	0.26
130 -25	0.00	12.24	12.89	11.27	0.0108	0.21	0.21	0.39	0.3	3.78	0.18	0.2	0.4	0.29
130.5 -25	0.00	13.62	11.3	11.38	0.009	0.19	0.22	0.37	0.32	3.51	0.18	0.21	0.36	0.27
131 -25	0.00	12.68	10.25	11.26	0.009	0.19	0.22	0.36	0.28	3.56	0.19	0.19	0.38	0.26
131.5 -25	0.00	12.54	9.85	10.47	0.0033	0.17	0.22	0.38	0.29	3.95	0.22	0.19	0.42	0.26
132 -25	0.00	11.2	9.95	10.65	0.0135	0.19	0.25	0.32	0.31	3.88	0.19	0.2	0.38	0.23
132.5 -25	0.00	12.01	10.7	10.72	0.0135	0.2	0.22	0.42	0.28	3.95	0.17	0.21	0.43	0.27
133 -25	0.00	9.51	12.19	10.18	0.0051	0.18	0.22	0.4	0.25	3.59	0.15	0.16	0.41	0.25
133.5 -25	0.00	10.35	12.69	9.53	0.0113	0.17	0.21	0.39	0.28	3.97	0.17	0.18	0.42	0.24
134 -25	0.00	11.08	12.73	9.31	0.0169	0.18	0.19	0.37	0.3	3.98	0.18	0.19	0.39	0.24
134.5 -25	0.00	10.31	10.77	11.16	0.0067	0.2	0.21	0.41	0.31	4.21	0.19	0.21	0.35	0.29
135 -25	0.00	11.74	11.18	11.04	0.0157	0.2	0.22	0.38	0.26	3.8	0.2	0.21	0.36	0.26
135.5 -25	0.00	10.56	11.38	11.44	0.007	0.22	0.26	0.36	0.28	4.18	0.2	0.22	0.38	0.3
136 -25	0.00	10.35	10.44	11.54	0.0055	0.19	0.21	0.36	0.27	4.18	0.18	0.22	0.4	0.26
136.5 -25	0.00	9.78	10.39	11.29	0.006	0.21	0.23	0.39	0.27	3.86	0.2	0.21	0.41	0.26
137 -25	0.00	9.68	10.08	12.64	0.0076	0.2	0.22	0.4	0.31	3.23	0.21	0.19	0.38	0.27
137.5 -25	0.00	10.14	11.01	10.66	0.014	0.21	0.25	0.37	0.28	3.29	0.19	0.2	0.39	0.27
138 -25	0.00	10.15	10.5	10.17	0.0141	0.2	0.24	0.38	0.27	3.04	0.19	0.21	0.41	0.26
138.5 -25	0.00	10.02	10.99	9.71	0.0158	0.2	0.24	0.36	0.29	3.04	0.2	0.21	0.41	0.26
139 -25	0.00	10.05	10.48	10.55	0.0126	0.2	0.24	0.36	0.33	2.87	0.19	0.22	0.43	0.26
139.5 -25	0.00	10.13	12.01	9.64	0.0086	0.19	0.23	0.37	0.3	2.88	0.18	0.21	0.41	0.25
140 -25	0.00	10.15	11.38	9.54	0.007	0.21	0.21	0.34	0.3	3	0.19	0.21	0.43	0.27
140.5 -25	0.00	10.09	12.13	9.93	0.0085	0.2	0.22	0.32	0.29	3	0.18	0.2	0.39	0.26
141 -25	0.00	10.6	11.54	10.51	0.0069	0.22	0.25	0.33	0.26	3.31	0.2	0.2	0.39	0.25
141.5 -25	0.00	9.16	11.05	10.66	0.0035	0.22	0.25	0.36	0.27	3.47	0.18	0.22	0.39	0.27
142 -25	0.00	9.51	11.54	10.86	0.0065	0.24	0.24	0.38	0.28	3.36	0.19	0.23	0.43	0.26
142.5 -25	0.00	9.34	11.06	11.01	0.0089	0.22	0.26	0.39	0.3	3.78	0.2	0.21	0.45	0.27
143 -25	0.00	10.31	11.81	12.73	0.0097	0.22	0.25	0.46	0.31	3.95	0.2	0.21	0.47	0.27
127.5 -25.5	0.00	11.79	14.7	11.55	0.0116	0.19	0.28	0.37	0.35	4.9	0.24	0.27	0.46	0.29
128 -25.5	0.00	10.75	14.74	10.43	0.0107	0.2	0.25	0.35	0.32	4.6	0.25	0.26	0.41	0.26
128.5 -25.5	0.00	11.16	13.81	11.73	0.0097	0.21	0.25	0.39	0.29	4.19	0.24	0.24	0.41	0.27
129 -25.5	0.00	11.25	13.32	11.06	0.0091	0.21	0.23	0.36	0.31	4.2	0.23	0.23	0.4	0.29
129.5 -25.5	0.00	11.39	12.52	11.27	0.0125	0.23	0.23	0.39	0.3	4	0.23	0.23	0.4	0.26
130 -25.5	0.00	12.5	11.82	10.56	0.0112	0.22	0.24	0.39	0.31	3.69	0.21	0.22	0.43	0.28
130.5 -25.5	0.00	12.76	11.44	11.07	0.0141	0.19	0.22	0.4	0.28	3.84	0.17	0.21	0.39	0.27
131 -25.5	0.00	12.2	12.16	12.49	0.0097	0.17	0.25	0.36	0.31	3.82	0.18	0.19	0.4	0.26
131.5 -25.5	0.00	11.66	10.83	11.46	0.0132	0.19	0.24	0.32	0.29	3.98	0.17	0.18	0.42	0.24
132 -25.5	0.00	12.05	11.23	10.51	0.0149	0.18	0.22	0.34	0.27	3.69	0.15	0.18	0.37	0.24
132.5 -25.5	0.00	12	12.27	11.13	0.006	0.16	0.23	0.34	0.29	3.99	0.15	0.17	0.37	0.25
133 -25.5	0.00	11.36	12.45	10.1	0.0106	0.17	0.22	0.36	0.27	4.19	0.15	0.17	0.39	0.23
133.5 -25.5	0.00	10.15	12.07	10.04	0.0135	0.18	0.2	0.45	0.27	3.82	0.15	0.17	0.41	0.24
134 -25.5	0.00	10.5	13.07	11.11	0.0102	0.19	0.2	0.42	0.3	3.74	0.17	0.2	0.39	0.27
134.5 -25.5	0.00	10.62	13.52	11.73	0.0113	0.2	0.21	0.4	0.29	3.88	0.17	0.21	0.43	0.26
135 -25.5	0.00	10.55	11.59	11.24	0.0138	0.21	0.22	0.38	0.28	4.25	0.18	0.2	0.41	0.26
135.5 -25.5	0.00	11.06	10.81	12.24	0.0075	0.19	0.22	0.39	0.28	4.1	0.19	0.2	0.38	0.26
136 -25.5	0.00	10.89	10.87	12.77	0.0073	0.19	0.22	0.37	0.3	3.96	0.19	0.2	0.39	0.23
136.5 -25.5	0.00	10.6	10.18	12.4	0.0114	0.2	0.23	0.38	0.28	3.72	0.2	0.22	0.42	0.27
137 -25.5	0.00	10.63	10.07	12.07	0.0081	0.21	0.23	0.36	0.29	3.48	0.19	0.2	0.41	0.26
137.5 -25.5	0.00	10.27	10.53	10.75	0.0104	0.21	0.23	0.39	0.3	3.27	0.19	0.2	0.41	0.26
138 -25.5	0.00	10.08	10.62	10.73	0.0151	0.2	0.23	0.4	0.3	3.19	0.2	0.22	0.4	0.27
138.5 -25.5	0.00	10.72	11.32	9.98	0.0167	0.2	0.25	0.37	0.29	3.19	0.19	0.2	0.43	0.25
139 -25.5	0.00	10.49	10.99	9.4	0.0149	0.2	0.24	0.4	0.32	2.66	0.19	0.2	0.42	0.26
139.5 -25.5	0.00	10.93	11.63	10.69	0.0143	0.22	0.24	0.39	0.3	2.47	0.2	0.21	0.43	0.26
140 -25.5	0.00	9.61	11.5	10	0.0163	0.23	0.24	0.36	0.29	2.43	0.19	0.2	0.45	0.27
140.5 -25.5	0.00	10.36	11.72	10.26	0.0134	0.21	0.21	0.35	0.3	2.77	0.21	0.21	0.43	0.27
141 -25.5	0.00	10.84	11.8	11.38	0.0081	0.23	0.22	0.34	0.3	3.16	0.18	0.22	0.4	0.27
141.5 -25.5	0.00	9.95	11.19	11.23	0.0078	0.2	0.25	0.36	0.28	3.46	0.19	0.2	0.42	0.25
142 -25.5	0.00	9.13	10.86	11.83	0.0107	0.23	0.23	0.38	0.31	3.73	0.18	0.19	0.44	0.25
142.5 -25.5	0.00	10.05	11.34	11.33	0.0097	0.21	0.26	0.42	0.28	4.02	0.2	0.21	0.45	0.27
143 -25.5	0.00	10.2	12.06	12.71	0.0159	0.22	0.27	0.48	0.31	4.47	0.2	0.22	0.49	0.26
127.5 -26	0.00	11.05	15.37	13.39	0.0125	0.21	0.32	0.35	0.33	4.93	0.23	0.32	0.53	0.31
128 -26	0.00	10.46	15.25	11.39	0.0102	0.21	0.27	0.35	0.32	4.75	0.24	0.28	0.46	0.28
128.5 -26	0.00	11.48	15.05	11.36	0.0123	0.22	0.24	0.35	0.33	4.38	0.23	0.25	0.43	0.27
129 -26	0.00	10.63	14.41	12.68	0.0127	0.24	0.24	0.39	0.32	3.76	0.25	0.22	0.48	0.29
129.5 -26	0.00	11.79	12.2	10.76	0.0118	0.25	0.26	0.37	0.33	4.13	0.24	0.23	0.4	0.31
130 -26	0.00	11.96	12.11	11.31	0.0124	0.24	0.26	0.39	0.3	4.18	0.22	0.22	0.42	0.27
130.5 -26	0.00	13.35	12.97	11.39	0.0099	0.2	0.24	0.39	0.3	3.81	0.21	0.23	0.41	0.26
131 -26	0.00	12.05	12.16	12.33	0.0085	0.18	0.25	0.35	0.28	4.14	0.18	0.2	0.43	0.29
131.5 -26	0.00	11.31	15.2	11.38	0.0138	0.17	0.25	0.36	0.29	4.4	0.16	0.18	0.38	0.24
132 -26	0.00	12.55	13.5	12.56	0.011	0.19	0.24	0.38	0.27	3.51	0.17	0.17	0.4	0.25
132.5 -26	0.00	12.74	13.56	11.17	0.0087	0.16	0.22	0.4	0.27	4.01	0.16	0.15	0.39	0.25
133 -26	0.00	12.13	13.27	11.68	0.0072	0.17	0.22	0.4	0.26	4	0.15	0.15	0.37	0.24
133.5 -26	0.00	10.73	13.08	11.06	0.0106	0.18	0.24	0.39	0.29	3.94	0.16	0.19	0.42	0.24
134 -26	0.00	11.62	13.9	11.53	0.0133	0.19	0.21	0.4	0.31	4.01	0.18	0.2	0.42	0.26
134.5 -26	0.00	11.56	13.65	11.53	0.0132	0.2	0.23	0.42	0.29	4.32	0.18	0.2	0.44	0.28
135 -26	0.00	11	12.55	12.72	0.0135	0.21	0.22	0.4	0.29	4.16	0.18	0.21	0.42	0.25
135.5 -26	0.00	11.41	12.05	12.94	0.0131	0.21	0.22	0.39	0.3	4.36	0.19	0.2	0.41	0.27
136 -26	0.00	11.2	11.46	12.71	0.0091	0.21	0.23	0.4	0.31	4.14	0.19	0.22	0.41	0.27
136.5 -26	0.00	10.6	10.4	13.06	0.0061	0.21	0.24	0.41	0.3	3.95	0.2	0.21	0.42	0.28
137 -26	0.00	11.35	10.87	13.06	0.0085	0.22	0.24	0.4	0.3	3.73	0.2	0.21	0.43	0.27
137.5 -26	0.00	10.98	10.01	11.6	0.0116	0.2	0.25	0.39	0.29	3.58	0.18	0.21	0.43	0.27
138 -26	0.00	11.39	10.92	10.51	0.0126	0.22	0.25	0.39	0.3	3.36	0.19	0.19	0.42	0.27
138.5 -26	0.00	11.43	11.75	10.71	0.0137	0.21	0.26	0.38	0.31	3.17	0.19	0.21	0.45	0.26
139 -26	0.00	11.01	12.12	10.18	0.0128	0.22	0.23	0.38	0.28	3.06	0.2	0.21	0.47	0.26
139.5 -26	0.00	10.74	11.95	10.7	0.0125	0.22	0.26	0.39	0.29	2.49	0.19	0.22	0.45	0.26
140 -26	0.00	10.97	12.22	10.75	0.0096	0.2	0.23	0.38	0.29	2.68	0.19	0.21	0.48	0.26
140.5 -26	0.00	11.22	12.44	10.58	0.0158	0.22	0.23	0.37	0.31	2.66	0.2	0.22	0.44	0.27
141 -26	0.00	11.19	12.07	11.06	0.0144	0.22	0.24	0.38	0.31	3.1	0.22	0.21	0.42	0.25
141.5 -26	0.00	10.54	12.55	10.63	0.0089	0.21	0.25	0.37	0.31	3.73	0.2	0.22	0.42	0.27
142 -26	0.00	10.04	11.7	11.35	0.0133	0.2	0.26	0.4	0.29	3.86	0.19	0.22	0.46	0.25
142.5 -26	0.00	10.82	11.68	12.1	0.0125	0.23	0.25	0.41	0.31	4.25	0.2	0.21	0.47	0.26
143 -26	0.00	10.98	12.24	12.44	0.0108	0.23	0.28	0.47	0.3	4.67	0.21	0.22	0.51	0.29
127.5 -26.5	0.00	12.06	16.37	13.82	0.0108	0.23	0.31	0.42	0.36	5.64	0.24	0.33	0.49	0.3
128 -26.5	0.00	11.38	15.99	12.73	0.0167	0.21	0.27	0.38	0.33	5	0.24	0.3	0.49	0.31
128.5 -26.5	0.00	11.45	15.11	12.5	0.0079	0.23	0.27	0.37	0.33	4.54	0.25	0.27	0.46	0.28
129 -26.5	0.00	12.02	14.42	11.8	0.0147	0.23	0.28	0.41	0.34	4.15	0.26	0.26	0.44	0.28
129.5 -26.5	0.00	12.39	13.52	11.49	0.0064	0.25	0.27	0.43	0.31	4.39	0.26	0.26	0.41	0.29
130 -26.5	0.00	13.25	12.78	11.89	0.0125	0.24	0.27	0.43	0.31	4.4	0.24	0.26	0.43	0.3
130.5 -26.5	0.00	12.59	13.57	12.61	0.0155	0.22	0.28	0.41	0.33	4.16	0.23	0.22	0.42	0.28
131 -26.5	0.00	12.69	12.91	12.66	0.0135	0.22	0.27	0.41	0.32	4.19	0.21	0.22	0.42	0.27
131.5 -26.5	0.00	12.4	13.64	12.65	0.0091	0.21	0.26	0.41	0.31	4.35	0.2	0.21	0.47	0.26
132 -26.5	0.00	13.4	14.24	11.44	0.0066	0.2	0.25	0.4	0.28	4.49	0.18	0.2	0.43	0.25
132.5 -26.5	0.00	13.1	15.13	11.79	0.0154	0.2	0.28	0.42	0.28	4.04	0.17	0.2	0.39	0.26
133 -26.5	0.00	13.61	15.65	12.04	0.0146	0.19	0.23	0.42	0.32	3.88	0.15	0.18	0.41	0.29
133.5 -26.5	0.00	12.51	14.91	11.17	0.0149	0.2	0.25	0.39	0.31	4.21	0.19	0.19	0.43	0.27
134 -26.5	0.00	12.18	14.45	11.82	0.0118	0.19	0.22	0.45	0.3	4.4	0.17	0.19	0.48	0.27
134.5 -26.5	0.00	12.61	13.84	12.29	0.0124	0.19	0.24	0.41	0.29	4.49	0.17	0.2	0.44	0.27
135 -26.5	0.00	11.7	13.34	13.14	0.0102	0.19	0.24	0.42	0.31	4.64	0.18	0.19	0.42	0.25
135.5 -26.5	0.00	12.29	12.03	13.67	0.0126	0.19	0.22	0.41	0.31	4.68	0.17	0.2	0.43	0.26
136 -26.5	0.00	11.55	11.56	13.25	0.0114	0.22	0.23	0.43	0.32	4.29	0.19	0.21	0.43	0.27
136.5 -26.5	0.00	11.67	11.71	13.39	0.0139	0.22	0.23	0.45	0.33	4.36	0.2	0.21	0.43	0.28
137 -26.5	0.00	12.41	11.44	13.32	0.013	0.22	0.25	0.44	0.32	4.07	0.2	0.22	0.45	0.29
137.5 -26.5	0.00	12.59	11.05	12.38	0.011	0.23	0.27	0.41	0.32	3.57	0.19	0.23	0.47	0.27
138 -26.5	0.00	12.34	11.43	11.85	0.0138	0.24	0.27	0.4	0.31	3.54	0.2	0.2	0.48	0.26
138.5 -26.5	0.00	11.91	12.1	11.15	0.0143	0.23	0.27	0.38	0.32	3.45	0.21	0.22	0.46	0.27
139 -26.5	0.00	11.74	12.28	11.2	0.012	0.23	0.27	0.39	0.32	3.04	0.2	0.21	0.49	0.27
139.5 -26.5	0.00	11.54	12.31	11.52	0.0144	0.23	0.26	0.42	0.32	2.97	0.2	0.21	0.48	0.27
140 -26.5	0.00	11.45	12.48	11.34	0.0136	0.22	0.25	0.43	0.32	2.83	0.21	0.23	0.48	0.27
140.5 -26.5	0.00	11.7	13.54	10.96	0.0089	0.23	0.26	0.42	0.31	3.06	0.2	0.23	0.47	0.28
141 -26.5	0.00	11.03	13.6	11.03	0.0142	0.23	0.27	0.41	0.32	3.23	0.21	0.21	0.44	0.26
141.5 -26.5	0.00	11.5	12.66	11.75	0.0129	0.23	0.26	0.42	0.32	3.64	0.22	0.23	0.43	0.26
142 -26.5	0.00	11.16	12.19	11.67	0.0137	0.22	0.26	0.42	0.34	4.26	0.2	0.22	0.47	0.27
142.5 -26.5	0.00	11.4	12	12.6	0.0121	0.23	0.27	0.45	0.32	4.33	0.2	0.22	0.5	0.28
143 -26.5	0.00	11.91	13.25	13.13	0.0117	0.24	0.28	0.5	0.34	4.71	0.22	0.24	0.54	0.29
