      Lon      Lat      RHP     Tbuf  Tinterm  Tbottom Csubmoho  Al_0  Fe_0  Mg_0  Ca_0      LAB  Al_1  Fe_1  Mg_1  Ca_1
      deg      deg    nW/m3     degC     degC     degC        1    wt%    wt%    wt%    wt%    wt%       km    wt%    wt%    wt%    wt%    wt%
127.5 -15.5	0.20	1309.59	1436.18	1483.76	0.973	2.65	8.24	41.93	2.25	195.23	3.98	8.16	37.55	3.36
128 -15.5	0.20	1309.4	1435.61	1483.44	0.9794	2.61	8.22	41.93	2.23	194.05	3.94	8.11	37.52	3.34
128.5 -15.5	0.20	1309.11	1435.1	1483.81	0.9771	2.66	8.26	41.91	2.25	192.63	3.99	8.2	37.48	3.32
129 -15.5	0.20	1307.6	1435.58	1483.95	0.9715	2.68	8.29	41.88	2.25	191.36	4.06	8.3	37.41	3.34
129.5 -15.5	0.20	1306.34	1434.33	1484.63	0.98	2.68	8.29	41.93	2.26	192.05	4.04	8.33	37.34	3.35
130 -15.5	0.20	1304.97	1433.19	1484.14	0.9672	2.67	8.28	41.94	2.27	193.99	4.05	8.34	37.33	3.36
130.5 -15.5	0.20	1302.66	1432.61	1482.63	0.9774	2.65	8.28	41.92	2.28	195.66	4.04	8.33	37.37	3.37
131 -15.5	0.20	1301.48	1431.15	1481.05	0.985	2.66	8.32	41.93	2.28	197.58	4.05	8.35	37.39	3.35
131.5 -15.5	0.20	1300.87	1429.98	1480.28	0.968	2.72	8.35	41.93	2.31	198.93	4.12	8.37	37.36	3.35
132 -15.5	0.20	1300.88	1429.02	1479.16	0.9765	2.72	8.38	41.94	2.33	199.76	4.1	8.35	37.34	3.34
132.5 -15.5	0.20	1299.94	1428.72	1478.18	0.9675	2.75	8.44	41.96	2.33	200.69	4.09	8.38	37.33	3.33
133 -15.5	0.20	1300.18	1429.77	1478.27	0.972	2.77	8.51	41.95	2.37	201.5	4.12	8.4	37.29	3.35
133.5 -15.5	0.20	1300.42	1429.7	1477.35	0.9859	2.78	8.55	41.97	2.43	201.64	4.12	8.37	37.26	3.36
134 -15.5	0.20	1300.27	1429.75	1477.85	0.9864	2.79	8.59	41.97	2.48	201.68	4.12	8.34	37.22	3.38
134.5 -15.5	0.20	1299.87	1430.1	1477.41	0.9795	2.81	8.66	41.97	2.49	201.24	4.13	8.33	37.21	3.37
135 -15.5	0.20	1300.85	1429.02	1478	0.9682	2.81	8.71	42.03	2.48	199.66	4.18	8.29	37.23	3.4
135.5 -15.5	0.20	1300.88	1429.17	1478.36	0.9732	2.81	8.7	42.03	2.45	196.74	4.14	8.21	37.26	3.42
136 -15.5	0.20	1301.51	1427.82	1479.17	0.9802	2.77	8.63	41.99	2.42	191.71	4.1	8.11	37.3	3.37
136.5 -15.5	0.20	1300.69	1426.25	1478.54	0.9808	2.74	8.58	42.01	2.4	185.77	4.06	8.04	37.36	3.35
137 -15.5	0.20	1300.13	1424.85	1478	0.966	2.73	8.59	41.98	2.39	178.21	4.08	8.09	37.33	3.37
137.5 -15.5	0.20	1300.09	1423.43	1477.52	0.9642	2.75	8.61	42	2.38	170	4.14	8.21	37.38	3.37
138 -15.5	0.20	1300.61	1423.22	1477.16	0.9758	2.76	8.62	42.01	2.41	167.04	4.16	8.19	37.41	3.38
138.5 -15.5	0.20	1299.65	1423.56	1477.26	0.9847	2.7	8.59	41.99	2.36	168.61	4.12	8.2	37.44	3.35
139 -15.5	0.20	1298.7	1423.03	1477.09	0.9815	2.68	8.59	41.96	2.33	170.51	4.11	8.19	37.46	3.32
139.5 -15.5	0.20	1298.77	1422.76	1477.01	0.972	2.64	8.58	41.93	2.32	171.33	4.14	8.21	37.51	3.32
140 -15.5	0.20	1299.17	1421.64	1476.56	0.9783	2.64	8.58	41.89	2.29	170.38	4.12	8.23	37.54	3.31
140.5 -15.5	0.20	1298.71	1420.7	1475.98	0.9713	2.64	8.56	41.91	2.27	168.42	4.09	8.23	37.6	3.28
141 -15.5	0.20	1297.81	1420.67	1476.35	0.9843	2.65	8.57	41.89	2.29	165.92	4.09	8.24	37.6	3.3
141.5 -15.5	0.20	1298.32	1420.34	1476.56	0.9815	2.68	8.57	41.94	2.32	162.04	4.08	8.29	37.63	3.3
142 -15.5	0.20	1298.66	1420.05	1476.04	0.9704	2.7	8.58	41.93	2.35	158.04	4.1	8.31	37.65	3.31
142.5 -15.5	0.20	1299.66	1420.48	1475.88	0.9776	2.68	8.56	41.94	2.34	152.87	4.06	8.31	37.67	3.32
143 -15.5	0.20	1299.76	1421.48	1476.63	0.9857	2.65	8.55	41.9	2.34	149.06	4.06	8.32	37.7	3.33
127.5 -16	0.20	1309.28	1435.8	1482.8	0.9714	2.64	8.23	41.91	2.23	196.14	3.96	8.12	37.52	3.35
128 -16	0.20	1308.74	1435.25	1483.7	0.9744	2.64	8.22	41.93	2.23	195.46	3.93	8.09	37.5	3.33
128.5 -16	0.20	1307.82	1436.03	1483.88	0.9886	2.67	8.26	41.89	2.25	194.72	4.01	8.2	37.43	3.34
129 -16	0.20	1307.05	1435.02	1483.94	0.9796	2.72	8.31	41.9	2.28	193.92	4.09	8.32	37.4	3.37
129.5 -16	0.20	1306.6	1434.53	1484.6	0.9727	2.75	8.31	41.92	2.29	193.75	4.14	8.39	37.31	3.37
130 -16	0.20	1305.19	1433.77	1484.31	0.9704	2.69	8.26	41.91	2.27	194.42	4.04	8.33	37.33	3.35
130.5 -16	0.20	1303.85	1432.9	1483.25	0.9639	2.68	8.27	41.91	2.26	196.07	4.05	8.34	37.34	3.37
131 -16	0.20	1302.32	1431.34	1481.77	0.9655	2.69	8.3	41.93	2.3	197.51	4.1	8.37	37.35	3.36
131.5 -16	0.20	1300.99	1430.48	1480.21	0.9701	2.73	8.31	41.95	2.32	198.83	4.09	8.37	37.34	3.35
132 -16	0.20	1300.19	1428.98	1479.09	0.9809	2.71	8.33	41.97	2.32	199.75	4.09	8.33	37.34	3.33
132.5 -16	0.20	1299.78	1428.52	1478.04	0.9618	2.74	8.4	41.95	2.33	200.73	4.1	8.36	37.32	3.32
133 -16	0.20	1298.99	1429	1477.33	0.9818	2.75	8.45	41.96	2.34	201.32	4.1	8.37	37.3	3.32
133.5 -16	0.20	1299.63	1429.13	1476.72	0.9664	2.78	8.53	42	2.42	201.9	4.12	8.39	37.28	3.36
134 -16	0.20	1300.38	1430.17	1476.83	0.9714	2.8	8.58	42.01	2.46	201.86	4.12	8.36	37.26	3.38
134.5 -16	0.20	1300.59	1430.99	1477.39	0.9889	2.84	8.68	41.99	2.48	202.27	4.19	8.39	37.17	3.36
135 -16	0.20	1299.51	1429.38	1478.41	0.9787	2.85	8.74	42.04	2.46	201.06	4.19	8.33	37.19	3.42
135.5 -16	0.20	1302.02	1429.16	1477.98	0.9718	2.78	8.66	42.04	2.48	197.59	4.14	8.19	37.29	3.34
136 -16	0.20	1301.05	1427.85	1478.24	0.9761	2.77	8.63	42.04	2.42	193.48	4.08	8.08	37.33	3.35
136.5 -16	0.20	1300.77	1426.08	1477.95	0.9873	2.76	8.59	42.03	2.39	188.51	4.07	8.08	37.32	3.34
137 -16	0.20	1300.46	1424.23	1477.15	0.965	2.72	8.58	41.99	2.35	183.04	4.11	8.11	37.37	3.35
137.5 -16	0.20	1299.78	1423.3	1476.53	0.9657	2.75	8.61	42.01	2.37	176.76	4.17	8.22	37.36	3.37
138 -16	0.20	1300.5	1424.39	1476.65	0.9707	2.76	8.62	42.05	2.4	172.19	4.17	8.21	37.43	3.38
138.5 -16	0.20	1299.59	1423.81	1476.65	0.9706	2.7	8.59	42.04	2.35	171.37	4.09	8.18	37.5	3.34
139 -16	0.20	1298.86	1423.45	1477.15	0.971	2.68	8.58	41.96	2.35	172.48	4.1	8.15	37.51	3.33
139.5 -16	0.20	1298.26	1422.4	1476.63	0.9769	2.65	8.57	41.93	2.34	172.45	4.08	8.15	37.53	3.31
140 -16	0.20	1298.39	1422.24	1477.04	0.9701	2.66	8.58	41.92	2.33	171.58	4.12	8.19	37.58	3.3
140.5 -16	0.20	1298.12	1421.03	1476.15	0.9856	2.69	8.57	41.89	2.32	169.65	4.11	8.24	37.6	3.31
141 -16	0.20	1298.17	1420.13	1476.11	0.9746	2.68	8.58	41.9	2.32	166.69	4.11	8.28	37.62	3.3
141.5 -16	0.20	1299.16	1420.24	1475.57	0.9828	2.69	8.58	41.92	2.33	162.75	4.09	8.27	37.68	3.31
142 -16	0.20	1299.07	1420.11	1474.68	0.9859	2.69	8.57	41.97	2.34	158.15	4.06	8.27	37.68	3.3
142.5 -16	0.20	1299.39	1420.16	1475.36	0.9829	2.69	8.57	41.95	2.32	153.37	4.07	8.28	37.7	3.33
143 -16	0.20	1299.01	1420.86	1476.12	0.9619	2.65	8.56	41.95	2.32	149.08	4.05	8.26	37.7	3.35
127.5 -16.5	0.20	1308	1434.44	1484.07	0.989	2.65	8.23	41.87	2.22	197.37	3.95	8.04	37.48	3.32
128 -16.5	0.20	1307.3	1434.79	1484.22	0.9807	2.68	8.27	41.87	2.23	197.12	3.99	8.14	37.47	3.34
128.5 -16.5	0.20	1306.66	1435.12	1484.58	0.9732	2.7	8.27	41.89	2.25	196.77	4.03	8.21	37.41	3.34
129 -16.5	0.20	1306.03	1434.59	1484.67	0.9736	2.73	8.31	41.88	2.28	195.95	4.11	8.34	37.36	3.36
129.5 -16.5	0.20	1305.54	1433.65	1484.39	0.9697	2.77	8.32	41.89	2.3	195.85	4.16	8.42	37.35	3.38
130 -16.5	0.20	1304.72	1433.81	1484.69	0.9838	2.7	8.26	41.92	2.28	195.82	4.07	8.37	37.34	3.38
130.5 -16.5	0.20	1303.61	1432.9	1483.32	0.9721	2.68	8.21	41.9	2.28	196.49	4.06	8.34	37.35	3.38
131 -16.5	0.20	1303.06	1431.87	1481.97	0.9586	2.7	8.24	41.89	2.29	197.56	4.08	8.34	37.34	3.35
131.5 -16.5	0.20	1301.67	1431.06	1480.96	0.9583	2.72	8.26	41.96	2.31	198.83	4.11	8.35	37.34	3.34
132 -16.5	0.20	1301.43	1430.3	1479.56	0.9665	2.7	8.26	41.96	2.3	199.75	4.09	8.34	37.36	3.35
132.5 -16.5	0.20	1299.1	1430.04	1478.34	0.9679	2.69	8.28	41.96	2.3	200.99	4.07	8.31	37.34	3.3
133 -16.5	0.20	1298.9	1428.12	1477	0.9561	2.72	8.36	41.93	2.33	201.79	4.07	8.34	37.37	3.33
133.5 -16.5	0.20	1298.83	1428.69	1476.06	0.9712	2.77	8.45	41.99	2.39	201.89	4.1	8.34	37.27	3.34
134 -16.5	0.20	1298.54	1429.6	1475.96	0.9671	2.79	8.55	42.08	2.4	202.3	4.15	8.39	37.27	3.35
134.5 -16.5	0.20	1300.31	1430.02	1477.18	0.971	2.82	8.63	42.06	2.45	202.57	4.16	8.35	37.27	3.29
135 -16.5	0.20	1301.15	1430.52	1478.03	0.9833	2.87	8.72	42.09	2.51	201.9	4.17	8.3	37.26	3.34
135.5 -16.5	0.20	1300.73	1427.53	1478.16	0.9716	2.81	8.69	42.1	2.47	199.47	4.13	8.17	37.25	3.38
136 -16.5	0.20	1301.87	1427.42	1477.72	0.9594	2.75	8.61	42.06	2.43	196.16	4.09	8.11	37.3	3.35
136.5 -16.5	0.20	1300.66	1425.19	1478.8	0.9794	2.75	8.61	42.07	2.36	192.33	4.14	8.14	37.35	3.36
137 -16.5	0.20	1299.06	1423.21	1477.78	0.9558	2.73	8.57	42.05	2.36	187.97	4.15	8.19	37.33	3.38
137.5 -16.5	0.20	1299.6	1423.65	1477.9	0.9655	2.73	8.55	42.02	2.41	182.97	4.15	8.19	37.36	3.36
138 -16.5	0.20	1299.98	1422.96	1476.92	0.9672	2.75	8.61	42.04	2.41	179.56	4.16	8.21	37.45	3.36
138.5 -16.5	0.20	1299.17	1423.98	1475.57	0.9678	2.69	8.6	42.05	2.38	177.04	4.08	8.14	37.54	3.31
139 -16.5	0.20	1298.49	1422.96	1475.77	0.9741	2.66	8.58	42.02	2.37	175.92	4.07	8.11	37.56	3.29
139.5 -16.5	0.20	1297.45	1422.87	1476.09	0.9747	2.68	8.58	41.99	2.42	174.92	4.09	8.1	37.55	3.33
140 -16.5	0.20	1297.55	1421.78	1476.13	0.9847	2.68	8.61	41.98	2.38	173.3	4.07	8.18	37.62	3.32
140.5 -16.5	0.20	1298.2	1421.83	1475.96	0.9836	2.7	8.6	41.96	2.35	170.69	4.11	8.26	37.65	3.31
141 -16.5	0.20	1299.4	1420.5	1476.55	0.9816	2.68	8.63	41.91	2.34	167.98	4.1	8.27	37.69	3.3
141.5 -16.5	0.20	1298.79	1420.59	1474.74	0.9738	2.7	8.58	41.94	2.36	163.8	4.07	8.26	37.68	3.33
142 -16.5	0.20	1299.54	1420.67	1474.26	0.9726	2.7	8.59	41.97	2.35	159.05	4.09	8.28	37.69	3.32
142.5 -16.5	0.20	1298.81	1419.73	1475.25	0.9776	2.68	8.57	41.99	2.33	153.45	4.04	8.24	37.71	3.32
143 -16.5	0.20	1299.25	1420.25	1476.28	0.9809	2.67	8.56	41.95	2.33	148.97	4.08	8.27	37.69	3.35
127.5 -17	0.20	1307.14	1435.5	1484.61	0.9728	2.68	8.25	41.87	2.22	198.94	3.97	8.11	37.49	3.34
128 -17	0.20	1305.96	1434.22	1485.17	0.9669	2.72	8.26	41.89	2.24	198.73	4.01	8.16	37.46	3.35
128.5 -17	0.20	1305.1	1435.16	1484.85	0.9763	2.73	8.28	41.86	2.25	198.37	4.05	8.25	37.42	3.36
129 -17	0.20	1304.79	1434.94	1483.98	0.9826	2.72	8.28	41.88	2.25	197.82	4.09	8.31	37.4	3.36
129.5 -17	0.20	1304.83	1433.35	1483.64	0.9791	2.72	8.24	41.87	2.26	197.3	4.09	8.34	37.35	3.38
130 -17	0.20	1304.04	1433.72	1483.5	0.9647	2.7	8.2	41.89	2.28	197.03	4.06	8.34	37.35	3.37
130.5 -17	0.20	1303.65	1433.45	1483.51	0.9776	2.69	8.17	41.94	2.28	197.48	4.07	8.34	37.36	3.35
131 -17	0.20	1302.62	1433.54	1482.56	0.9674	2.71	8.17	41.97	2.27	198.28	4.11	8.36	37.35	3.35
131.5 -17	0.20	1302.12	1432.19	1480.76	0.966	2.7	8.17	41.94	2.28	199.23	4.09	8.34	37.31	3.35
132 -17	0.20	1300.73	1431.38	1480.29	0.9743	2.7	8.17	41.98	2.29	200.32	4.09	8.31	37.33	3.34
132.5 -17	0.20	1299.17	1430.08	1479.03	0.9598	2.7	8.18	41.95	2.31	201.57	4.06	8.29	37.37	3.31
133 -17	0.20	1298.88	1429	1476.86	0.9706	2.77	8.28	41.99	2.34	202.49	4.12	8.36	37.31	3.32
133.5 -17	0.20	1299.97	1427.87	1476.29	0.9763	2.77	8.37	42.05	2.36	203.18	4.14	8.41	37.3	3.34
134 -17	0.20	1298.86	1427.84	1476.17	0.9573	2.76	8.43	42.12	2.45	203.64	4.14	8.32	37.24	3.3
134.5 -17	0.20	1300.89	1428.56	1475.84	0.9628	2.77	8.48	42.13	2.41	203.81	4.13	8.27	37.28	3.3
135 -17	0.20	1300.94	1429	1476.07	0.9667	2.76	8.52	42.09	2.45	203.22	4.05	8.17	37.26	3.24
135.5 -17	0.20	1301.31	1426.9	1476.33	0.9727	2.76	8.63	42.14	2.44	201.33	4.08	8.13	37.22	3.29
136 -17	0.20	1301.92	1425.46	1477.17	0.9617	2.77	8.61	42.11	2.41	199.61	4.18	8.18	37.35	3.32
136.5 -17	0.20	1299.56	1425.02	1477.37	0.9591	2.77	8.59	42.11	2.38	196.26	4.16	8.2	37.38	3.35
137 -17	0.20	1300.55	1424.17	1477.74	0.9676	2.76	8.53	42.11	2.41	192.51	4.18	8.18	37.38	3.36
137.5 -17	0.20	1299.07	1422.48	1477.44	0.957	2.76	8.54	42.06	2.37	188.92	4.16	8.2	37.35	3.38
138 -17	0.20	1299.1	1423.82	1476.1	0.9782	2.77	8.58	42.08	2.44	185.32	4.14	8.2	37.44	3.35
138.5 -17	0.20	1298.37	1423.34	1475.68	0.975	2.75	8.63	42.04	2.48	182.46	4.15	8.22	37.52	3.34
139 -17	0.20	1298.65	1424.39	1475.54	0.9649	2.7	8.64	42.05	2.47	180.05	4.1	8.15	37.58	3.35
139.5 -17	0.20	1298.08	1422.65	1476.18	0.9747	2.7	8.59	42.06	2.4	177.99	4.06	8.13	37.62	3.3
140 -17	0.20	1297.71	1422.87	1476.21	0.9799	2.7	8.61	42.02	2.44	175.3	4.06	8.15	37.66	3.29
140.5 -17	0.20	1298.13	1421.93	1477.38	0.9646	2.73	8.65	41.94	2.41	172.65	4.11	8.21	37.7	3.31
141 -17	0.20	1299.69	1421.56	1476.16	0.9724	2.71	8.64	41.96	2.38	168.82	4.09	8.27	37.7	3.32
141.5 -17	0.20	1299.1	1420.31	1475.33	0.9741	2.7	8.62	41.94	2.37	164.97	4.12	8.28	37.69	3.33
142 -17	0.20	1298.78	1419.55	1474.99	0.9814	2.7	8.58	41.96	2.39	159.85	4.1	8.28	37.71	3.31
142.5 -17	0.20	1299.74	1419.92	1475.29	0.9788	2.69	8.56	41.99	2.35	154.27	4.08	8.27	37.75	3.34
143 -17	0.20	1297.91	1420.01	1475.99	0.9768	2.65	8.56	41.96	2.36	149.17	4.09	8.28	37.76	3.35
127.5 -17.5	0.20	1305.89	1436.24	1484.58	0.9805	2.71	8.25	41.87	2.24	199.85	4.01	8.17	37.5	3.33
128 -17.5	0.20	1304.82	1436.15	1485.09	0.9805	2.68	8.22	41.85	2.23	199.61	3.98	8.16	37.47	3.34
128.5 -17.5	0.20	1303.83	1435.65	1484.12	0.9744	2.76	8.3	41.89	2.27	199.53	4.09	8.31	37.46	3.38
129 -17.5	0.20	1303.81	1434.56	1483.66	0.9759	2.71	8.21	41.9	2.27	199.41	4.08	8.29	37.41	3.38
129.5 -17.5	0.20	1303.62	1434.24	1482.49	0.9777	2.68	8.16	41.9	2.26	198.9	4.06	8.28	37.38	3.34
130 -17.5	0.20	1303.92	1433.7	1483.16	0.975	2.67	8.09	41.97	2.24	198.13	4.05	8.28	37.39	3.32
130.5 -17.5	0.20	1303.65	1433.88	1483.12	0.9717	2.7	8.06	41.97	2.26	198.23	4.05	8.33	37.38	3.34
131 -17.5	0.20	1302.75	1433.27	1482.16	0.9608	2.68	8.07	41.98	2.25	199.12	4.11	8.35	37.34	3.35
131.5 -17.5	0.20	1302.18	1432.56	1481.69	0.9646	2.7	8.1	42.01	2.3	200.24	4.16	8.38	37.33	3.35
132 -17.5	0.20	1301.26	1430.98	1479.73	0.9666	2.67	8.05	42	2.3	201.15	4.11	8.31	37.34	3.32
132.5 -17.5	0.20	1300.51	1430.65	1479.63	0.9772	2.7	8.09	42	2.31	202.55	4.11	8.33	37.35	3.33
133 -17.5	0.20	1300.09	1430.17	1479.71	0.9717	2.77	8.17	42.04	2.34	204.24	4.14	8.38	37.31	3.34
133.5 -17.5	0.20	1300.06	1428.2	1477.37	0.9615	2.77	8.22	42.09	2.36	204.87	4.14	8.35	37.26	3.36
134 -17.5	0.20	1300.23	1428.33	1476.77	0.9656	2.76	8.28	42.16	2.39	205.71	4.13	8.32	37.25	3.29
134.5 -17.5	0.20	1299.91	1427.01	1475.79	0.9605	2.76	8.37	42.16	2.4	205.78	4.1	8.24	37.25	3.28
135 -17.5	0.20	1301.48	1426.33	1476.78	0.9823	2.78	8.48	42.18	2.42	205.51	4.1	8.18	37.32	3.24
135.5 -17.5	0.20	1301.21	1426.27	1477.01	0.9732	2.76	8.55	42.1	2.46	204.38	4.12	8.2	37.32	3.28
136 -17.5	0.20	1300.84	1425.11	1478.23	0.966	2.84	8.68	42.13	2.43	203.25	4.22	8.3	37.27	3.33
136.5 -17.5	0.20	1300.73	1424.61	1477.65	0.9609	2.76	8.54	42.09	2.4	199.79	4.15	8.23	37.38	3.33
137 -17.5	0.20	1299.04	1423.15	1477.17	0.9618	2.75	8.48	42.1	2.37	196.8	4.12	8.17	37.44	3.35
137.5 -17.5	0.20	1298.74	1423.34	1476.62	0.9599	2.83	8.57	42.06	2.42	193.5	4.21	8.25	37.34	3.35
138 -17.5	0.20	1298.2	1421.71	1477.48	0.9608	2.81	8.61	42.06	2.47	190.29	4.19	8.29	37.42	3.42
138.5 -17.5	0.20	1298.81	1423.56	1475.9	0.9776	2.78	8.68	42.04	2.51	186.53	4.19	8.28	37.52	3.36
139 -17.5	0.20	1298.9	1421.41	1475.67	0.9901	2.8	8.71	42.09	2.5	184.67	4.17	8.33	37.52	3.36
139.5 -17.5	0.20	1297.74	1422.31	1476.57	0.9804	2.73	8.6	42.07	2.44	180.78	4.03	8.15	37.61	3.28
140 -17.5	0.20	1298.28	1422.85	1477.26	0.9839	2.7	8.56	42.08	2.43	177.74	3.99	8.09	37.65	3.25
140.5 -17.5	0.20	1299.03	1422.23	1478.37	0.9833	2.7	8.6	42.02	2.45	173.86	4.07	8.16	37.72	3.31
141 -17.5	0.20	1298.88	1422.55	1476.22	0.9837	2.73	8.62	42	2.45	170.3	4.1	8.24	37.71	3.31
141.5 -17.5	0.20	1300.24	1421.38	1476.48	0.9858	2.73	8.64	42.02	2.41	166.12	4.13	8.29	37.72	3.34
142 -17.5	0.20	1298.05	1419.94	1476.33	0.9785	2.72	8.63	42.01	2.39	160.99	4.16	8.34	37.72	3.33
142.5 -17.5	0.20	1298.11	1420.13	1476.7	0.9824	2.68	8.58	41.98	2.39	155.05	4.1	8.28	37.77	3.33
143 -17.5	0.20	1298.32	1419.81	1476.79	0.9763	2.68	8.58	41.96	2.39	149.48	4.11	8.3	37.76	3.35
127.5 -18	0.20	1305.42	1436.43	1484.39	0.9739	2.68	8.21	41.88	2.23	200.98	3.99	8.21	37.52	3.34
128 -18	0.20	1304.23	1436.8	1485	0.9836	2.71	8.25	41.9	2.25	201.09	4.04	8.28	37.49	3.36
128.5 -18	0.20	1303.56	1436.22	1483.43	0.9755	2.72	8.22	41.91	2.27	200.63	4.06	8.31	37.43	3.37
129 -18	0.20	1303.29	1435.02	1483.4	0.9739	2.71	8.16	41.93	2.25	200.57	4.07	8.29	37.45	3.35
129.5 -18	0.20	1304.01	1434.13	1482.74	0.9784	2.67	8.08	41.97	2.25	200.17	4.03	8.25	37.42	3.34
130 -18	0.20	1303.3	1434.27	1482.92	0.9653	2.67	8.03	41.98	2.26	199.8	4.03	8.25	37.44	3.35
130.5 -18	0.20	1303.43	1433.79	1482.98	0.9703	2.64	7.96	42.02	2.23	199.68	4.05	8.28	37.41	3.35
131 -18	0.20	1302.36	1434.1	1481.98	0.9663	2.67	7.93	42.03	2.25	200.27	4.09	8.34	37.36	3.34
131.5 -18	0.20	1302.4	1431.82	1481	0.9572	2.72	7.93	42.05	2.26	202	4.18	8.39	37.3	3.35
132 -18	0.20	1302.59	1432.16	1480.85	0.979	2.7	7.9	42.06	2.3	203.46	4.16	8.38	37.32	3.35
132.5 -18	0.20	1301.78	1430.6	1479.31	0.9772	2.73	7.98	42.1	2.31	204.78	4.16	8.34	37.32	3.34
133 -18	0.20	1301.28	1429.33	1479.58	0.9716	2.78	8.01	42.11	2.33	206.19	4.17	8.36	37.26	3.32
133.5 -18	0.20	1301.31	1428.76	1477.91	0.9768	2.75	8.09	42.16	2.36	207.68	4.16	8.33	37.3	3.34
134 -18	0.20	1300.27	1426.2	1476.66	0.9779	2.73	8.17	42.19	2.39	208.08	4.13	8.27	37.27	3.3
134.5 -18	0.20	1300.07	1426.81	1474.98	0.9759	2.74	8.28	42.17	2.38	208.61	4.13	8.24	37.32	3.25
135 -18	0.20	1301.45	1425.08	1476.1	0.9644	2.81	8.46	42.17	2.43	208.49	4.2	8.28	37.31	3.26
135.5 -18	0.20	1299.92	1426.35	1477.87	0.9809	2.86	8.58	42.2	2.44	207.33	4.21	8.37	37.31	3.33
136 -18	0.20	1301.15	1423.89	1477.51	0.9823	2.79	8.53	42.11	2.4	205.33	4.15	8.28	37.39	3.32
136.5 -18	0.20	1299.53	1423.8	1476.8	0.9581	2.74	8.44	42.14	2.4	202.46	4.05	8.18	37.39	3.29
137 -18	0.20	1300.11	1423.59	1475.65	0.9754	2.78	8.49	42.1	2.42	200.37	4.11	8.2	37.38	3.28
137.5 -18	0.20	1298.61	1421.65	1475.89	0.959	2.79	8.54	42.02	2.44	197.32	4.09	8.22	37.43	3.35
138 -18	0.20	1297.24	1421	1476.18	0.9641	2.83	8.56	42.02	2.5	193.53	4.15	8.23	37.43	3.37
138.5 -18	0.20	1297.36	1422.66	1476.96	0.9657	2.8	8.66	42.01	2.51	190.84	4.16	8.26	37.51	3.37
139 -18	0.20	1297.1	1422.85	1477.58	0.9671	2.79	8.68	42.13	2.5	187.5	4.16	8.3	37.59	3.37
139.5 -18	0.20	1297.76	1424.27	1477.28	0.9649	2.72	8.49	42.13	2.42	183.84	3.92	8.07	37.62	3.27
140 -18	0.20	1298.67	1424.32	1477.81	0.9706	2.75	8.52	42.15	2.45	180.02	3.96	8.07	37.71	3.28
140.5 -18	0.20	1298.63	1424.33	1479.21	0.9707	2.73	8.59	42.09	2.48	176.18	4.04	8.17	37.68	3.33
141 -18	0.20	1299.96	1424.77	1479.53	0.9742	2.72	8.62	42.04	2.45	171.64	4.08	8.25	37.71	3.33
141.5 -18	0.20	1298.42	1423.01	1478.06	0.9741	2.75	8.63	42.02	2.43	167.55	4.15	8.32	37.73	3.36
142 -18	0.20	1299.03	1421.41	1478.15	0.9671	2.72	8.6	42.05	2.41	162.06	4.16	8.32	37.75	3.38
142.5 -18	0.20	1298.61	1420.64	1478.61	0.9746	2.71	8.6	41.99	2.41	155.61	4.14	8.34	37.76	3.37
143 -18	0.20	1298.11	1420.12	1477.32	0.9685	2.71	8.64	42.02	2.46	149.8	4.17	8.34	37.76	3.34
127.5 -18.5	0.20	1304.98	1437.34	1484.15	0.983	2.72	8.24	41.9	2.26	201.68	4.08	8.32	37.53	3.38
128 -18.5	0.20	1304.29	1436.87	1484.12	0.9846	2.73	8.22	41.91	2.26	201.69	4.1	8.34	37.52	3.37
128.5 -18.5	0.20	1303.28	1436.47	1483.11	0.984	2.71	8.15	41.94	2.26	201.82	4.05	8.3	37.48	3.34
129 -18.5	0.20	1303.61	1434.96	1483.17	0.9859	2.73	8.1	41.98	2.28	201.76	4.04	8.33	37.46	3.34
129.5 -18.5	0.20	1303.77	1434.78	1481.98	0.9749	2.66	7.99	41.97	2.24	201.12	3.99	8.23	37.45	3.34
130 -18.5	0.20	1304.46	1434.45	1482.57	0.9707	2.65	7.88	42.04	2.23	201.06	4.01	8.21	37.46	3.36
130.5 -18.5	0.20	1304.1	1434.01	1482.18	0.9874	2.67	7.87	42.05	2.22	201.33	4.11	8.33	37.39	3.35
131 -18.5	0.20	1303.28	1433.78	1481.56	0.979	2.66	7.81	42.07	2.19	201.99	4.14	8.36	37.39	3.35
131.5 -18.5	0.20	1302.02	1433.19	1481.67	0.981	2.68	7.78	42.09	2.22	203.54	4.16	8.39	37.33	3.34
132 -18.5	0.20	1302.45	1430.47	1479.89	0.9784	2.71	7.8	42.12	2.27	205.61	4.21	8.42	37.34	3.36
132.5 -18.5	0.20	1302.71	1430.6	1479.52	0.9648	2.72	7.82	42.19	2.29	207.32	4.21	8.39	37.37	3.36
133 -18.5	0.20	1301.52	1429.46	1478.53	0.9658	2.76	7.88	42.23	2.29	209.13	4.22	8.39	37.34	3.33
133.5 -18.5	0.20	1300.83	1426.86	1478.54	0.9717	2.8	7.99	42.2	2.35	210.56	4.22	8.36	37.33	3.36
134 -18.5	0.20	1298.9	1426.03	1476.7	0.9752	2.8	8.12	42.19	2.39	211.23	4.21	8.34	37.3	3.31
134.5 -18.5	0.20	1299.3	1424.84	1476.8	0.9886	2.8	8.23	42.22	2.41	211.22	4.19	8.3	37.33	3.3
135 -18.5	0.20	1300.64	1425.34	1476.6	0.9738	2.86	8.4	42.16	2.43	211.84	4.21	8.36	37.31	3.29
135.5 -18.5	0.20	1301.36	1423.97	1476.25	0.9742	2.84	8.45	42.17	2.44	210.04	4.2	8.33	37.33	3.32
136 -18.5	0.20	1299.66	1423.59	1476.58	0.966	2.81	8.47	42.13	2.44	208.19	4.18	8.27	37.41	3.31
136.5 -18.5	0.20	1299.32	1424.29	1476.35	0.9696	2.84	8.52	42.11	2.44	205.85	4.18	8.31	37.38	3.31
137 -18.5	0.20	1298.18	1423.08	1474.84	0.9585	2.87	8.61	42.07	2.5	203.26	4.2	8.34	37.37	3.3
137.5 -18.5	0.20	1297.71	1422.35	1476.04	0.9685	2.89	8.63	42.1	2.48	200.68	4.2	8.32	37.37	3.34
138 -18.5	0.20	1297.62	1422.43	1477.63	0.9588	2.85	8.57	42.09	2.47	197.75	4.14	8.25	37.48	3.39
138.5 -18.5	0.20	1298.47	1423.62	1476.72	0.9617	2.86	8.68	42.1	2.55	194.29	4.19	8.3	37.55	3.38
139 -18.5	0.20	1299.12	1425.14	1477.85	0.9745	2.91	8.75	42.09	2.53	191.53	4.24	8.37	37.57	3.32
139.5 -18.5	0.20	1297.32	1423	1478.46	0.9709	2.79	8.53	42.21	2.46	186.86	3.96	8.09	37.69	3.28
140 -18.5	0.20	1298.18	1424.74	1479.1	0.9666	2.84	8.62	42.17	2.46	183.72	4.12	8.25	37.67	3.35
140.5 -18.5	0.20	1298.84	1424.94	1480.64	0.9882	2.76	8.6	42.11	2.46	178.55	4.03	8.17	37.73	3.32
141 -18.5	0.20	1297.82	1425.31	1480.47	0.98	2.77	8.64	42.08	2.43	173.67	4.1	8.28	37.71	3.33
141.5 -18.5	0.20	1298.97	1424.71	1480.91	0.9687	2.77	8.68	42.06	2.48	169.03	4.17	8.41	37.7	3.35
142 -18.5	0.20	1298.39	1423.23	1480.56	0.9684	2.77	8.65	42.03	2.46	163.53	4.19	8.4	37.75	3.38
142.5 -18.5	0.20	1299.27	1421.61	1480.1	0.9603	2.73	8.62	41.99	2.43	156.67	4.13	8.35	37.76	3.39
143 -18.5	0.20	1297.52	1420.88	1479.43	0.9788	2.72	8.64	42.04	2.47	150.46	4.19	8.38	37.75	3.39
127.5 -19	0.20	1304.48	1437.92	1484.62	0.973	2.69	8.17	41.94	2.25	202.15	4.08	8.35	37.57	3.38
128 -19	0.20	1304.86	1437.5	1484.1	0.9779	2.71	8.17	41.96	2.25	202.13	4.08	8.34	37.51	3.37
128.5 -19	0.20	1304.86	1437.88	1483.32	0.9762	2.7	8.07	41.94	2.23	202.33	4.01	8.31	37.51	3.31
129 -19	0.20	1303.82	1437.17	1482.42	0.9671	2.69	8	41.96	2.25	202.39	3.99	8.26	37.49	3.33
129.5 -19	0.20	1304.3	1435.73	1482.69	0.9756	2.7	7.93	42.03	2.25	202.05	4.05	8.3	37.46	3.33
130 -19	0.20	1304.64	1434.28	1480.99	0.9857	2.62	7.77	42.04	2.21	201.83	4	8.25	37.48	3.34
130.5 -19	0.20	1305.03	1433.6	1481.09	0.9797	2.64	7.73	42.1	2.15	202.7	4.11	8.33	37.4	3.35
131 -19	0.20	1304.43	1434.63	1480.43	0.9776	2.64	7.66	42.11	2.12	203.65	4.18	8.39	37.37	3.37
131.5 -19	0.20	1303.17	1432.9	1479.37	0.9713	2.65	7.63	42.16	2.13	205.3	4.18	8.41	37.37	3.35
132 -19	0.20	1303.23	1431.8	1480.36	0.9683	2.67	7.66	42.21	2.16	207.07	4.19	8.39	37.37	3.39
132.5 -19	0.20	1302.79	1429.71	1478.7	0.981	2.68	7.67	42.2	2.22	209.82	4.21	8.36	37.4	3.39
133 -19	0.20	1301.09	1428.97	1477.72	0.9661	2.75	7.74	42.27	2.26	211.9	4.21	8.35	37.44	3.38
133.5 -19	0.20	1300.05	1426.81	1477.61	0.97	2.77	7.8	42.25	2.31	213.33	4.17	8.34	37.44	3.34
134 -19	0.20	1299.39	1425.7	1478.2	0.972	2.86	7.97	42.31	2.4	213.64	4.2	8.39	37.44	3.32
134.5 -19	0.20	1298.58	1424.52	1476.97	0.9847	2.87	8.1	42.28	2.46	214.59	4.19	8.32	37.36	3.32
135 -19	0.20	1300.58	1423.15	1476.72	0.9718	2.83	8.21	42.25	2.41	213.55	4.19	8.28	37.37	3.33
135.5 -19	0.20	1300.57	1423.84	1477.81	0.9909	2.85	8.41	42.15	2.45	212.24	4.23	8.34	37.37	3.34
136 -19	0.20	1300.44	1424.07	1477.4	0.9706	2.85	8.45	42.09	2.45	210.23	4.24	8.35	37.35	3.33
136.5 -19	0.20	1299.67	1423.1	1475.06	0.9587	2.83	8.51	42.09	2.44	207.79	4.2	8.31	37.39	3.33
137 -19	0.20	1299.06	1422.26	1475.1	0.9783	2.83	8.51	42.1	2.44	205.08	4.18	8.27	37.43	3.34
137.5 -19	0.20	1299.18	1421.82	1476.17	0.9607	2.84	8.58	42.1	2.49	201.98	4.17	8.3	37.47	3.34
138 -19	0.20	1298.01	1423.27	1477.12	0.9571	2.83	8.51	42.12	2.46	199.77	4.11	8.21	37.53	3.32
138.5 -19	0.20	1299.09	1425.14	1479	0.964	2.84	8.61	42.12	2.52	196.86	4.19	8.29	37.57	3.35
139 -19	0.20	1298.1	1424.39	1478.92	0.9901	2.83	8.67	42.17	2.56	193.22	4.17	8.29	37.66	3.35
139.5 -19	0.20	1297.36	1424.48	1479.36	0.9682	2.83	8.62	42.2	2.51	190.51	4.08	8.21	37.66	3.33
140 -19	0.20	1296.84	1425.7	1480.1	0.9932	2.86	8.66	42.16	2.48	185.92	4.15	8.26	37.63	3.31
140.5 -19	0.20	1297.89	1425.62	1480.7	0.9732	2.78	8.61	42.14	2.48	180.22	4.06	8.21	37.72	3.34
141 -19	0.20	1298.39	1425.8	1481.32	0.9785	2.77	8.63	42.11	2.49	174.83	4.08	8.31	37.75	3.34
141.5 -19	0.20	1298.35	1426.02	1482.75	0.977	2.77	8.61	42.04	2.48	169.91	4.1	8.34	37.75	3.35
142 -19	0.20	1298.65	1424.68	1482.83	0.9818	2.73	8.61	42.03	2.46	164.8	4.1	8.32	37.8	3.38
142.5 -19	0.20	1298.93	1424.11	1482.38	0.9868	2.72	8.61	41.98	2.43	159.06	4.08	8.32	37.79	3.37
143 -19	0.20	1298.05	1423.32	1481.54	0.9835	2.72	8.61	42	2.45	153.8	4.16	8.38	37.77	3.39
127.5 -19.5	0.20	1304.87	1439.13	1483.89	0.9739	2.69	8.17	41.97	2.28	202.14	4.09	8.37	37.58	3.38
128 -19.5	0.20	1304.77	1438.7	1484.21	0.9796	2.68	8.09	41.99	2.25	202.38	4.04	8.33	37.58	3.35
128.5 -19.5	0.20	1304.47	1438.5	1483.15	0.9709	2.62	7.99	41.97	2.24	201.83	4	8.24	37.52	3.34
129 -19.5	0.20	1306.09	1438.51	1483.45	0.9814	2.64	7.92	41.99	2.25	202.13	3.98	8.26	37.54	3.31
129.5 -19.5	0.20	1304.65	1437.05	1482.46	0.9676	2.68	7.91	42.07	2.26	202.26	4.09	8.36	37.47	3.35
130 -19.5	0.20	1304.96	1434.52	1481.95	0.9696	2.57	7.7	42.11	2.16	202.43	4.02	8.28	37.49	3.33
130.5 -19.5	0.20	1305.19	1434.39	1480.09	0.9675	2.59	7.6	42.1	2.11	203.42	4.08	8.36	37.4	3.35
131 -19.5	0.20	1303.97	1433.29	1479.44	0.9846	2.73	7.66	42.15	2.12	205.05	4.23	8.5	37.4	3.33
131.5 -19.5	0.20	1305.21	1433.65	1480.12	0.9606	2.56	7.48	42.25	2.03	205.99	4.08	8.37	37.39	3.32
132 -19.5	0.20	1304.89	1431.04	1479.2	0.9747	2.56	7.46	42.18	2.08	208.19	4.13	8.34	37.41	3.37
132.5 -19.5	0.20	1303.88	1430.21	1478.65	0.9697	2.67	7.59	42.22	2.18	211.16	4.18	8.42	37.45	3.41
133 -19.5	0.20	1301.81	1428.98	1478.08	0.9701	2.7	7.61	42.28	2.23	213.85	4.16	8.37	37.47	3.36
133.5 -19.5	0.20	1300.33	1427.75	1477.56	0.9803	2.77	7.71	42.35	2.3	215.82	4.17	8.39	37.52	3.34
134 -19.5	0.20	1298.91	1425.9	1476.98	0.9753	2.82	7.77	42.34	2.37	216.68	4.13	8.3	37.48	3.34
134.5 -19.5	0.20	1300.56	1425.1	1478.43	0.9691	2.85	7.91	42.36	2.4	216.31	4.16	8.29	37.45	3.35
135 -19.5	0.20	1301.2	1424.57	1477.47	0.9706	2.86	8.09	42.24	2.45	216.05	4.18	8.27	37.4	3.37
135.5 -19.5	0.20	1300.07	1423.22	1476.42	0.9812	2.85	8.23	42.15	2.43	213.97	4.2	8.32	37.4	3.39
136 -19.5	0.20	1300.79	1422.61	1476.56	0.9686	2.81	8.31	42.11	2.45	211.14	4.19	8.34	37.42	3.33
136.5 -19.5	0.20	1299.56	1422.11	1476.77	0.9792	2.8	8.39	42.08	2.44	208.23	4.21	8.31	37.41	3.31
137 -19.5	0.20	1299.44	1421.44	1475.51	0.9593	2.8	8.41	42.08	2.45	205.19	4.19	8.25	37.44	3.31
137.5 -19.5	0.20	1298.96	1421.94	1474.9	0.9601	2.83	8.44	42.11	2.46	203.09	4.16	8.2	37.44	3.3
138 -19.5	0.20	1299.33	1423.5	1476.95	0.9586	2.83	8.57	42.08	2.52	200.84	4.19	8.28	37.54	3.31
138.5 -19.5	0.20	1299.78	1424.26	1479.45	0.9625	2.8	8.51	42.15	2.52	197.78	4.15	8.24	37.6	3.32
139 -19.5	0.20	1299.07	1425.03	1482.1	0.975	2.83	8.56	42.24	2.49	195.18	4.12	8.23	37.64	3.35
139.5 -19.5	0.20	1297.74	1427.34	1479.66	0.9745	2.84	8.57	42.27	2.48	192.24	4.03	8.19	37.64	3.27
140 -19.5	0.20	1297.75	1425.48	1481.29	0.9815	2.81	8.58	42.23	2.44	188.25	3.96	8.12	37.69	3.27
140.5 -19.5	0.20	1298.59	1428.09	1483.11	0.9824	2.78	8.53	42.15	2.43	182.19	3.92	8.15	37.71	3.32
141 -19.5	0.20	1298.37	1427.03	1482.68	0.9786	2.81	8.6	42.11	2.51	176.88	4.09	8.3	37.77	3.31
141.5 -19.5	0.20	1299.08	1427.23	1483.44	0.9897	2.78	8.62	42.11	2.49	171.44	4.1	8.38	37.71	3.33
142 -19.5	0.20	1298.19	1426.64	1483.98	0.9886	2.79	8.65	42.07	2.49	166.83	4.19	8.46	37.76	3.41
142.5 -19.5	0.20	1297.78	1425.74	1483.1	0.9623	2.74	8.64	42	2.49	161.36	4.2	8.43	37.81	3.4
143 -19.5	0.20	1298.96	1424.93	1483.09	0.9803	2.73	8.63	41.99	2.44	155.7	4.15	8.41	37.75	3.4
127.5 -20	0.20	1305.25	1440.74	1484.32	0.9809	2.66	8.1	42.01	2.25	201.49	4.06	8.33	37.6	3.36
128 -20	0.20	1304.58	1440.69	1483.73	0.962	2.63	8.08	42	2.26	201.85	4.02	8.3	37.58	3.36
128.5 -20	0.20	1305.68	1439.8	1483.68	0.9821	2.59	7.95	41.99	2.23	201.87	3.95	8.25	37.6	3.34
129 -20	0.20	1304.97	1439.46	1482.76	0.968	2.6	7.9	42.04	2.22	202.38	4.03	8.31	37.55	3.33
129.5 -20	0.20	1306.14	1437.38	1483.66	0.9653	2.6	7.81	42.1	2.22	202.23	4.06	8.32	37.49	3.35
130 -20	0.20	1306.84	1436.22	1483.12	0.9835	2.6	7.72	42.11	2.18	202.86	4.09	8.34	37.45	3.35
130.5 -20	0.20	1306.1	1435.33	1481.68	0.9659	2.62	7.64	42.16	2.14	203.86	4.14	8.4	37.43	3.36
131 -20	0.20	1305.68	1433.58	1480.49	0.9667	2.72	7.65	42.17	2.16	205.23	4.22	8.57	37.38	3.37
131.5 -20	0.20	1305.55	1434.23	1479.19	0.9678	2.59	7.46	42.23	2.07	206.91	4.15	8.45	37.37	3.35
132 -20	0.20	1307.09	1432.81	1477.76	0.9628	2.66	7.56	42.2	2.13	209.8	4.2	8.51	37.48	3.35
132.5 -20	0.20	1305.47	1430.01	1477.38	0.9934	2.78	7.69	42.22	2.28	212.77	4.29	8.59	37.42	3.4
133 -20	0.20	1302.87	1428.78	1477.45	0.9873	2.75	7.65	42.32	2.28	215.3	4.22	8.49	37.5	3.36
133.5 -20	0.20	1301.82	1428.89	1476.53	0.9903	2.81	7.68	42.33	2.34	217.12	4.18	8.43	37.5	3.37
134 -20	0.20	1300.32	1426.81	1476.89	0.9809	2.79	7.63	42.36	2.4	218.07	4.12	8.28	37.45	3.39
134.5 -20	0.20	1301.44	1426.32	1479.13	0.9901	2.71	7.67	42.33	2.43	217.27	3.99	8.18	37.49	3.35
135 -20	0.20	1300.83	1425.29	1479.65	0.977	2.85	7.97	42.27	2.47	217.22	4.17	8.35	37.46	3.38
135.5 -20	0.20	1301.08	1423.23	1478.87	0.9729	2.86	8.15	42.22	2.47	215.68	4.22	8.38	37.47	3.4
136 -20	0.20	1301.17	1421.94	1478.46	0.9622	2.84	8.23	42.12	2.42	212.06	4.24	8.38	37.46	3.35
136.5 -20	0.20	1300.71	1421.22	1477.73	0.9687	2.79	8.29	42.06	2.42	207.41	4.23	8.36	37.48	3.31
137 -20	0.20	1299.18	1422.47	1476.09	0.9594	2.8	8.32	42.03	2.39	204.66	4.17	8.26	37.43	3.29
137.5 -20	0.20	1298.85	1422.04	1476.87	0.9688	2.78	8.34	42.1	2.41	202.35	4.13	8.21	37.48	3.31
138 -20	0.20	1300.24	1422.62	1478.27	0.9608	2.78	8.43	42.11	2.51	200.62	4.13	8.24	37.54	3.31
138.5 -20	0.20	1299.58	1423.3	1479.61	0.9589	2.78	8.47	42.16	2.54	198.43	4.13	8.26	37.53	3.33
139 -20	0.20	1299.1	1426.28	1479.86	0.9724	2.87	8.59	42.1	2.59	195.97	4.18	8.38	37.54	3.38
139.5 -20	0.20	1298.78	1426.99	1481.36	0.9857	2.84	8.55	42.19	2.52	192.47	4.09	8.25	37.64	3.3
140 -20	0.20	1298.65	1426.53	1481.34	0.9593	2.82	8.58	42.24	2.51	188.35	4.05	8.23	37.68	3.29
140.5 -20	0.20	1299.6	1426.24	1482.82	0.9749	2.79	8.57	42.22	2.52	182.99	4.02	8.21	37.67	3.35
141 -20	0.20	1298.57	1427.14	1484.21	0.9911	2.8	8.62	42.1	2.55	178.31	4.07	8.31	37.66	3.34
141.5 -20	0.20	1298.93	1426.42	1484.5	0.9811	2.81	8.65	42.1	2.54	173.37	4.16	8.43	37.68	3.37
142 -20	0.20	1297.91	1426.66	1484.65	0.9682	2.8	8.69	42.07	2.55	168.87	4.22	8.5	37.75	3.42
142.5 -20	0.20	1298.4	1426.07	1483.87	0.9639	2.77	8.63	42.01	2.5	163.44	4.2	8.5	37.76	3.41
143 -20	0.20	1298.62	1425.86	1483.54	0.9877	2.77	8.63	41.95	2.48	158.99	4.19	8.45	37.74	3.42
127.5 -20.5	0.20	1305.97	1442.11	1483.62	0.9851	2.64	8.11	42.04	2.25	201.31	4.04	8.35	37.63	3.36
128 -20.5	0.20	1306.46	1442.19	1484.01	0.968	2.62	8.03	42.02	2.21	201.77	4.02	8.32	37.6	3.34
128.5 -20.5	0.20	1305.92	1440.46	1483.18	0.97	2.63	8	42.03	2.24	202.11	4.06	8.37	37.55	3.36
129 -20.5	0.20	1306.12	1438.71	1484.26	0.9595	2.57	7.89	42.05	2.24	202.1	4.04	8.33	37.55	3.34
129.5 -20.5	0.20	1306.61	1438.85	1483.46	0.9802	2.62	7.84	42.09	2.2	202.42	4.09	8.36	37.54	3.36
130 -20.5	0.20	1306.71	1437.58	1482.9	0.9672	2.59	7.7	42.14	2.16	203.17	4.07	8.35	37.5	3.37
130.5 -20.5	0.20	1307.08	1436.41	1482	0.9716	2.65	7.73	42.16	2.2	203.59	4.15	8.46	37.47	3.39
131 -20.5	0.20	1307.24	1435.35	1481.37	0.9607	2.64	7.61	42.18	2.14	205.32	4.14	8.44	37.47	3.39
131.5 -20.5	0.20	1306.88	1433.49	1479.61	0.9612	2.7	7.56	42.23	2.17	207.93	4.18	8.5	37.4	3.39
132 -20.5	0.20	1305.82	1434.04	1478.16	0.9694	2.73	7.62	42.18	2.23	210.63	4.25	8.54	37.44	3.36
132.5 -20.5	0.20	1304.81	1431.04	1477.58	0.9651	2.78	7.69	42.24	2.3	213.78	4.27	8.56	37.44	3.33
133 -20.5	0.20	1303.62	1429	1475.86	0.9585	2.8	7.7	42.33	2.36	216.34	4.24	8.52	37.41	3.37
133.5 -20.5	0.20	1302.72	1428.34	1477.07	0.9725	2.8	7.69	42.3	2.41	218.37	4.21	8.49	37.46	3.4
134 -20.5	0.20	1301.3	1427.27	1476.97	0.9715	2.78	7.62	42.28	2.43	218.98	4.11	8.34	37.48	3.38
134.5 -20.5	0.20	1301.23	1426.85	1477.7	0.968	2.8	7.74	42.28	2.43	218.92	4.16	8.34	37.48	3.37
135 -20.5	0.20	1301.78	1425.19	1477.73	0.9682	2.79	7.86	42.27	2.43	217.74	4.15	8.32	37.45	3.33
135.5 -20.5	0.20	1300.78	1424.77	1479.81	0.9823	2.8	8	42.18	2.42	216.03	4.2	8.36	37.43	3.33
136 -20.5	0.20	1299.66	1422.85	1478.69	0.9782	2.8	8.13	42.1	2.43	212.58	4.25	8.39	37.42	3.36
136.5 -20.5	0.20	1300.8	1422.36	1477.53	0.9594	2.8	8.26	42.01	2.44	208.12	4.23	8.38	37.42	3.35
137 -20.5	0.20	1298.36	1421.81	1478.37	0.9571	2.77	8.24	42.07	2.44	204.38	4.15	8.26	37.43	3.26
137.5 -20.5	0.20	1299.48	1422.63	1478.03	0.9751	2.73	8.32	42.06	2.48	202.48	4.17	8.26	37.47	3.28
138 -20.5	0.20	1301.01	1422.79	1479.25	0.977	2.78	8.46	42.04	2.49	200.58	4.15	8.32	37.48	3.3
138.5 -20.5	0.20	1300.13	1424.83	1480.21	0.9629	2.79	8.51	42.04	2.51	198.34	4.14	8.34	37.5	3.34
139 -20.5	0.20	1298.56	1425.29	1480.43	0.9641	2.82	8.59	42.05	2.55	196.23	4.17	8.34	37.5	3.36
139.5 -20.5	0.20	1298.62	1428.04	1480.58	0.9916	2.85	8.7	42.08	2.58	192.44	4.26	8.42	37.5	3.37
140 -20.5	0.20	1298.59	1427.67	1484.18	0.9597	2.83	8.71	42.14	2.6	188.14	4.2	8.35	37.59	3.35
140.5 -20.5	0.20	1299.91	1426.2	1483.97	0.9749	2.85	8.69	42.06	2.59	184.29	4.17	8.36	37.6	3.39
141 -20.5	0.20	1298.63	1425.7	1484.98	0.9806	2.82	8.71	42.11	2.62	178.99	4.15	8.36	37.63	3.36
141.5 -20.5	0.20	1297.26	1426.86	1484.26	0.976	2.83	8.72	42.06	2.57	174.28	4.14	8.41	37.72	3.37
142 -20.5	0.20	1298.27	1426.82	1484.48	0.9672	2.81	8.65	42.02	2.55	169.33	4.19	8.48	37.7	3.35
142.5 -20.5	0.20	1298.15	1426.14	1484.43	0.9865	2.8	8.66	41.98	2.51	164.44	4.22	8.54	37.65	3.37
143 -20.5	0.20	1298.84	1426.17	1485.24	0.9808	2.81	8.64	41.94	2.52	160.38	4.24	8.57	37.65	3.42
127.5 -21	0.20	1306.59	1443.05	1483.67	0.9798	2.64	8.11	42.03	2.24	202.56	4.02	8.35	37.61	3.35
128 -21	0.20	1307.2	1442.78	1483.77	0.9727	2.66	8.07	41.97	2.26	202.61	4.06	8.37	37.6	3.37
128.5 -21	0.20	1306.53	1442.64	1486.26	0.9855	2.63	8.02	42.04	2.25	202.88	4.07	8.37	37.63	3.38
129 -21	0.20	1306.76	1441.84	1485.69	0.9788	2.64	8.02	42.03	2.24	202.91	4.13	8.41	37.57	3.4
129.5 -21	0.20	1307.5	1441.01	1484.2	0.9776	2.62	7.86	42.1	2.2	202.65	4.1	8.36	37.57	3.39
130 -21	0.20	1308.53	1440.48	1484.04	0.9799	2.66	7.79	42.18	2.21	203.46	4.1	8.39	37.58	3.39
130.5 -21	0.20	1307.94	1439.32	1483.7	0.9785	2.66	7.73	42.23	2.17	204.22	4.13	8.45	37.52	3.4
131 -21	0.20	1308.25	1438.01	1481.19	0.9634	2.7	7.73	42.19	2.17	205.31	4.18	8.49	37.45	3.39
131.5 -21	0.20	1307.41	1436.65	1479.68	0.9609	2.66	7.65	42.21	2.22	207.9	4.17	8.45	37.42	3.37
132 -21	0.20	1307.29	1435.08	1478.58	0.973	2.73	7.67	42.17	2.29	211.18	4.22	8.5	37.4	3.4
132.5 -21	0.20	1306.37	1434.01	1478.3	0.9792	2.79	7.73	42.19	2.36	214.62	4.26	8.52	37.39	3.34
133 -21	0.20	1305.18	1430.89	1477.76	0.959	2.78	7.72	42.22	2.4	217.19	4.24	8.51	37.4	3.37
133.5 -21	0.20	1302.7	1428.86	1476.62	0.9723	2.79	7.74	42.17	2.42	218.92	4.23	8.48	37.46	3.4
134 -21	0.20	1300.81	1428.36	1475.17	0.9658	2.78	7.74	42.19	2.45	219.8	4.2	8.42	37.45	3.37
134.5 -21	0.20	1299.93	1427.06	1476.5	0.9702	2.83	7.78	42.21	2.46	219.37	4.19	8.36	37.44	3.36
135 -21	0.20	1299.98	1425.76	1478.36	0.9658	2.74	7.76	42.21	2.39	218.32	4.16	8.28	37.46	3.33
135.5 -21	0.20	1299.78	1425.21	1478.87	0.9877	2.76	7.9	42.16	2.38	216.16	4.17	8.32	37.43	3.34
136 -21	0.20	1299.67	1424.85	1479.12	0.9666	2.76	8.11	42.1	2.42	213.33	4.26	8.41	37.43	3.33
136.5 -21	0.20	1298.11	1424.08	1479.13	0.9588	2.78	8.2	42.03	2.41	209.34	4.23	8.41	37.4	3.35
137 -21	0.20	1300.27	1423.47	1478.66	0.9618	2.72	8.19	42.06	2.41	205.91	4.14	8.3	37.39	3.32
137.5 -21	0.20	1302.11	1423.12	1479.16	0.9608	2.75	8.31	42.07	2.42	203.69	4.18	8.32	37.4	3.27
138 -21	0.20	1301.36	1423.71	1480.81	0.9656	2.76	8.48	41.95	2.49	200.62	4.2	8.38	37.44	3.32
138.5 -21	0.20	1300.36	1426.04	1481.68	0.9796	2.76	8.57	41.95	2.52	197.76	4.18	8.39	37.45	3.34
139 -21	0.20	1300.51	1426.04	1480.94	0.9726	2.79	8.61	41.93	2.53	195.49	4.16	8.34	37.46	3.33
139.5 -21	0.20	1298.66	1426.9	1481.99	0.9815	2.79	8.69	41.97	2.56	192.12	4.13	8.35	37.51	3.37
140 -21	0.20	1295.56	1428.07	1484.3	0.9936	2.8	8.73	42.04	2.59	188.75	4.09	8.35	37.63	3.43
140.5 -21	0.20	1298.69	1426.33	1486.47	0.9886	2.8	8.75	42.03	2.6	184.51	4.11	8.36	37.67	3.45
141 -21	0.20	1300.02	1425.67	1485.45	0.9676	2.84	8.7	42.05	2.57	179.44	4.06	8.39	37.65	3.36
141.5 -21	0.20	1297.83	1426.89	1485.81	0.9817	2.8	8.67	42.08	2.54	173.9	4.05	8.37	37.72	3.33
142 -21	0.20	1298.58	1426.2	1484.69	0.969	2.77	8.66	42.05	2.52	168.83	4.11	8.41	37.67	3.37
142.5 -21	0.20	1299.04	1426.92	1484.65	0.9914	2.79	8.64	41.92	2.52	163.72	4.18	8.51	37.59	3.39
143 -21	0.20	1299.02	1427.42	1485.65	0.9733	2.8	8.65	41.89	2.54	159.12	4.22	8.57	37.54	3.41
127.5 -21.5	0.20	1306.62	1444.93	1484.07	0.9805	2.68	8.14	41.99	2.29	204.92	4.04	8.39	37.65	3.38
128 -21.5	0.20	1306.94	1446.29	1485.18	0.9722	2.68	8.12	42.02	2.26	204.86	4.02	8.39	37.67	3.36
128.5 -21.5	0.20	1307.73	1445.16	1486.53	0.9831	2.63	8.07	42	2.26	204.26	4.05	8.36	37.66	3.38
129 -21.5	0.20	1308.47	1444.01	1486.51	0.9791	2.64	8.02	42.04	2.24	204.51	4.1	8.39	37.62	3.41
129.5 -21.5	0.20	1308.51	1443.86	1484.81	0.9806	2.68	8	42.07	2.23	204.27	4.11	8.41	37.58	3.43
130 -21.5	0.20	1307.98	1442.38	1484.39	0.9669	2.7	7.94	42.1	2.2	204.76	4.18	8.47	37.53	3.44
130.5 -21.5	0.20	1308.39	1440.92	1483.95	0.9883	2.75	7.89	42.19	2.23	206.07	4.22	8.54	37.49	3.42
131 -21.5	0.20	1307.9	1439.07	1481.03	0.9823	2.76	7.85	42.13	2.21	207.57	4.22	8.58	37.49	3.41
131.5 -21.5	0.20	1307.24	1437.72	1479.1	0.9777	2.73	7.79	42.18	2.29	210.35	4.25	8.55	37.45	3.37
132 -21.5	0.20	1306.12	1437.63	1478.22	0.9849	2.72	7.7	42.17	2.34	213.2	4.2	8.5	37.45	3.35
132.5 -21.5	0.20	1306.61	1434.63	1478.97	0.9676	2.73	7.79	42.2	2.42	216.01	4.25	8.57	37.4	3.39
133 -21.5	0.20	1305.08	1431.76	1480.41	0.9834	2.83	7.8	42.13	2.49	218.89	4.26	8.57	37.44	3.39
133.5 -21.5	0.20	1303.43	1429.65	1478.11	0.9796	2.79	7.75	42.17	2.46	219.82	4.2	8.46	37.44	3.37
134 -21.5	0.20	1300.22	1427.85	1477.59	0.9856	2.75	7.73	42.18	2.45	220.62	4.18	8.4	37.45	3.35
134.5 -21.5	0.20	1300.26	1427.96	1476.8	0.9734	2.76	7.75	42.19	2.46	220.14	4.2	8.39	37.44	3.35
135 -21.5	0.20	1300.17	1428.61	1477.55	0.9719	2.71	7.75	42.19	2.41	219	4.15	8.32	37.43	3.35
135.5 -21.5	0.20	1301.1	1426.96	1478.78	0.9678	2.74	7.87	42.15	2.39	216.17	4.16	8.33	37.4	3.3
136 -21.5	0.20	1300.54	1426.59	1478.66	0.982	2.76	8	42.1	2.35	213.68	4.22	8.38	37.35	3.32
136.5 -21.5	0.20	1300.68	1425.57	1479.85	0.975	2.71	8.04	42.09	2.34	210.31	4.16	8.3	37.36	3.31
137 -21.5	0.20	1302.31	1426.44	1480.27	0.9837	2.68	8.22	42.04	2.38	206.72	4.17	8.33	37.41	3.29
137.5 -21.5	0.20	1302.32	1425.47	1480.43	0.9879	2.68	8.31	41.96	2.4	203.28	4.17	8.35	37.39	3.32
138 -21.5	0.20	1302.07	1425.62	1480.52	0.9611	2.76	8.52	41.91	2.39	200.4	4.22	8.41	37.42	3.34
138.5 -21.5	0.20	1301.56	1425	1481.95	0.9644	2.79	8.6	41.88	2.5	198.36	4.17	8.38	37.42	3.33
139 -21.5	0.20	1299.33	1427.12	1481.85	0.9796	2.77	8.63	41.85	2.54	195.05	4.12	8.37	37.45	3.31
139.5 -21.5	0.20	1298.09	1426.76	1482.55	0.9927	2.79	8.65	41.91	2.56	192.04	4.08	8.3	37.48	3.3
140 -21.5	0.20	1297.76	1426.32	1483.66	0.989	2.82	8.69	41.98	2.57	188.39	3.98	8.29	37.56	3.36
140.5 -21.5	0.20	1296.97	1425.94	1485.54	0.9773	2.82	8.66	42	2.52	184.7	3.96	8.23	37.63	3.39
141 -21.5	0.20	1298.38	1425.85	1485.41	0.9757	2.79	8.64	42.01	2.51	179.69	3.96	8.25	37.69	3.38
141.5 -21.5	0.20	1300.07	1426.33	1485.56	0.9741	2.79	8.65	42.05	2.52	173.87	4.04	8.32	37.63	3.41
142 -21.5	0.20	1299.6	1426.41	1485.09	0.9782	2.76	8.65	41.99	2.5	167.51	4.09	8.4	37.61	3.39
142.5 -21.5	0.20	1300.05	1426.8	1484.34	0.979	2.78	8.6	41.94	2.5	161.33	4.12	8.45	37.54	3.41
143 -21.5	0.20	1299.38	1428.31	1485.34	0.9663	2.79	8.62	41.9	2.54	156.34	4.19	8.54	37.52	3.42
127.5 -22	0.20	1307.23	1448.43	1484.97	0.9781	2.68	8.19	42	2.29	207.77	4.02	8.35	37.68	3.35
128 -22	0.20	1307.21	1448.17	1486.01	0.9797	2.69	8.15	41.99	2.3	207.46	4.02	8.35	37.7	3.38
128.5 -22	0.20	1306.52	1448.18	1487.99	0.9704	2.74	8.2	42	2.3	207.54	4.09	8.42	37.63	3.41
129 -22	0.20	1307.2	1447.34	1485.29	0.9805	2.74	8.23	42.02	2.32	207.39	4.16	8.45	37.6	3.39
129.5 -22	0.20	1307.32	1446.4	1484.01	0.9586	2.68	8.06	42.05	2.23	207.2	4.14	8.46	37.58	3.44
130 -22	0.20	1307.98	1443.8	1482.83	0.9609	2.8	8.07	42.13	2.26	208.03	4.26	8.57	37.51	3.43
130.5 -22	0.20	1309.14	1442.52	1481.95	0.9796	2.79	7.99	42.14	2.26	209.87	4.25	8.58	37.5	3.4
131 -22	0.20	1309.52	1442.63	1480.86	0.9557	2.75	7.86	42.2	2.28	211.34	4.23	8.57	37.49	3.35
131.5 -22	0.20	1308.55	1439.76	1480.29	0.9779	2.74	7.86	42.16	2.28	213.57	4.28	8.59	37.42	3.43
132 -22	0.20	1306.6	1436.23	1477.65	0.9603	2.77	7.85	42.16	2.37	215.91	4.28	8.56	37.43	3.4
132.5 -22	0.20	1305.84	1436.21	1479.32	0.989	2.82	7.82	42.14	2.41	218.46	4.28	8.6	37.34	3.33
133 -22	0.20	1303.98	1432.03	1480.19	0.9751	2.88	7.84	42.14	2.49	220.49	4.3	8.61	37.39	3.36
133.5 -22	0.20	1302.55	1431.77	1480.32	0.9615	2.83	7.75	42.18	2.5	221.48	4.23	8.52	37.43	3.35
134 -22	0.20	1301.36	1431.12	1480.04	0.9636	2.78	7.73	42.21	2.46	222.1	4.22	8.44	37.44	3.37
134.5 -22	0.20	1301.34	1429.98	1478.67	0.9724	2.79	7.77	42.21	2.46	221.59	4.18	8.41	37.41	3.33
135 -22	0.20	1301.51	1429.32	1478.81	0.9803	2.74	7.8	42.12	2.41	218.89	4.16	8.36	37.38	3.34
135.5 -22	0.20	1300.73	1429.72	1478.86	0.9759	2.72	7.88	42.1	2.41	216.25	4.15	8.33	37.34	3.33
136 -22	0.20	1300.82	1427.96	1480.13	0.9755	2.71	7.97	42.04	2.33	213.88	4.17	8.3	37.35	3.32
136.5 -22	0.20	1300.88	1427.54	1480.08	0.9822	2.66	8.04	42.08	2.38	210.74	4.12	8.28	37.37	3.29
137 -22	0.20	1302.05	1428.27	1480.13	0.9758	2.62	8.16	42.03	2.35	206.48	4.07	8.26	37.41	3.31
137.5 -22	0.20	1302.95	1427.98	1481.19	0.9668	2.69	8.36	41.97	2.39	203.83	4.13	8.34	37.42	3.31
138 -22	0.20	1302.36	1427.37	1480.36	0.9646	2.73	8.46	41.91	2.4	200.8	4.12	8.35	37.41	3.32
138.5 -22	0.20	1300.8	1427.22	1480.94	0.9669	2.77	8.57	41.86	2.46	197.79	4.09	8.36	37.43	3.32
139 -22	0.20	1300.65	1427.67	1480.66	0.9621	2.8	8.6	41.87	2.52	195.23	4.09	8.33	37.41	3.32
139.5 -22	0.20	1299.07	1427.01	1482.94	0.9811	2.79	8.66	41.88	2.54	191.62	4.02	8.29	37.47	3.32
140 -22	0.20	1297.62	1427.87	1484.35	0.9706	2.76	8.62	41.97	2.51	188.12	3.92	8.21	37.56	3.32
140.5 -22	0.20	1299.06	1427.1	1485.44	0.9838	2.76	8.63	41.98	2.48	184.1	3.92	8.21	37.61	3.37
141 -22	0.20	1298.93	1426.01	1485.98	0.9902	2.76	8.63	41.98	2.47	179.44	3.98	8.24	37.6	3.35
141.5 -22	0.20	1299.99	1427.11	1485.32	0.9747	2.75	8.59	42	2.51	174.13	4.02	8.31	37.55	3.36
142 -22	0.20	1299.58	1427.55	1484.82	0.974	2.76	8.6	41.99	2.5	167.18	4.1	8.39	37.57	3.42
142.5 -22	0.20	1299.02	1427.17	1483.85	0.975	2.76	8.6	41.96	2.47	159.64	4.14	8.48	37.51	3.4
143 -22	0.20	1299.22	1426.38	1485.04	0.9767	2.77	8.6	41.93	2.45	153.65	4.18	8.51	37.5	3.41
127.5 -22.5	0.20	1307.7	1450.74	1487.35	0.9762	2.7	8.21	41.99	2.27	210.25	4.01	8.35	37.71	3.35
128 -22.5	0.20	1307.94	1451.28	1487.34	0.9759	2.7	8.2	42.01	2.3	210.51	4	8.36	37.73	3.35
128.5 -22.5	0.20	1307.92	1450.94	1486.47	0.9819	2.72	8.25	42.02	2.31	210.58	4.05	8.38	37.7	3.41
129 -22.5	0.20	1308.52	1450.59	1485.12	0.989	2.75	8.27	42.04	2.25	210.36	4.12	8.44	37.67	3.48
129.5 -22.5	0.20	1307.72	1447.08	1482.63	0.9788	2.76	8.23	42.07	2.29	211.41	4.17	8.5	37.58	3.43
130 -22.5	0.20	1309.32	1446.67	1483.18	0.9684	2.7	8.04	42.11	2.24	211.8	4.16	8.43	37.57	3.41
130.5 -22.5	0.20	1309.16	1443.95	1481.53	0.9748	2.72	7.97	42.16	2.27	213.15	4.21	8.5	37.54	3.42
131 -22.5	0.20	1309.71	1442.99	1481.01	0.9838	2.73	7.94	42.18	2.28	215	4.24	8.51	37.55	3.4
131.5 -22.5	0.20	1308.35	1441.28	1479.24	0.9755	2.71	7.81	42.14	2.34	216.75	4.23	8.48	37.49	3.39
132 -22.5	0.20	1307.09	1439.11	1479.35	0.9886	2.74	7.73	42.14	2.35	218.72	4.22	8.43	37.41	3.36
132.5 -22.5	0.20	1305.62	1436.24	1479.51	0.9672	2.78	7.74	42.18	2.4	220.57	4.23	8.54	37.39	3.33
133 -22.5	0.20	1304.99	1433.94	1481.39	0.9794	2.87	7.74	42.17	2.44	222.1	4.26	8.56	37.4	3.36
133.5 -22.5	0.20	1302.4	1434.2	1481.35	0.9807	2.87	7.67	42.29	2.53	223.01	4.23	8.52	37.37	3.33
134 -22.5	0.20	1301.8	1434.1	1482.18	0.986	2.85	7.75	42.27	2.53	223.44	4.22	8.52	37.38	3.32
134.5 -22.5	0.20	1301.67	1433.74	1480.71	0.9825	2.8	7.8	42.18	2.44	221.66	4.17	8.44	37.39	3.34
135 -22.5	0.20	1302.91	1431.31	1479.06	0.9651	2.82	7.96	42.09	2.44	219.38	4.23	8.5	37.37	3.35
135.5 -22.5	0.20	1301.17	1430.95	1479.23	0.9675	2.77	7.98	42.06	2.39	216.64	4.18	8.41	37.35	3.36
136 -22.5	0.20	1300.77	1429.72	1478.7	0.9811	2.75	8	42.03	2.38	213.48	4.16	8.34	37.38	3.32
136.5 -22.5	0.20	1301.85	1427.94	1479.49	0.9688	2.7	8.07	42.05	2.37	210.05	4.13	8.31	37.36	3.32
137 -22.5	0.20	1301.74	1428.87	1480.4	0.9832	2.67	8.22	42.01	2.39	206.51	4.11	8.28	37.36	3.3
137.5 -22.5	0.20	1302.4	1430.05	1481.01	0.9872	2.69	8.37	41.97	2.39	203.45	4.12	8.33	37.39	3.34
138 -22.5	0.20	1302.75	1429.1	1480.48	0.9817	2.71	8.43	41.93	2.39	200.88	4.05	8.3	37.42	3.34
138.5 -22.5	0.20	1301.7	1427.99	1480.5	0.9719	2.76	8.52	41.87	2.44	197.87	4.06	8.32	37.4	3.32
139 -22.5	0.20	1300.72	1428.23	1481.29	0.971	2.75	8.58	41.84	2.48	194.62	4.02	8.29	37.38	3.34
139.5 -22.5	0.20	1299.11	1428.63	1482.14	0.9804	2.75	8.61	41.91	2.5	191.25	3.96	8.22	37.47	3.34
140 -22.5	0.20	1298.65	1428.51	1482.99	0.9729	2.79	8.66	41.91	2.47	188.21	3.97	8.25	37.53	3.31
140.5 -22.5	0.20	1299.29	1427.73	1484.63	0.9863	2.76	8.63	41.96	2.48	184.19	3.95	8.23	37.57	3.33
141 -22.5	0.20	1299.33	1427.24	1484.71	0.9669	2.78	8.65	41.97	2.49	180.07	3.99	8.3	37.54	3.34
141.5 -22.5	0.20	1299.66	1427.67	1484.6	0.9701	2.75	8.61	41.97	2.46	174.36	4.03	8.31	37.54	3.35
142 -22.5	0.20	1299.93	1427.54	1484.22	0.9795	2.75	8.59	41.96	2.43	167.89	4.09	8.39	37.54	3.36
142.5 -22.5	0.20	1299.56	1426.92	1483.98	0.9668	2.73	8.55	41.93	2.43	160.56	4.12	8.43	37.53	3.39
143 -22.5	0.20	1298.79	1427.22	1483.36	0.9787	2.76	8.57	41.93	2.45	154.23	4.21	8.55	37.54	3.39
127.5 -23	0.20	1307.74	1452.99	1487.48	0.9804	2.7	8.24	42.02	2.3	212.39	4.01	8.34	37.68	3.35
128 -23	0.20	1307.69	1452.84	1488.71	0.9729	2.72	8.26	42	2.3	212.61	4.03	8.35	37.7	3.37
128.5 -23	0.20	1308.74	1452.94	1486.53	0.9803	2.74	8.26	42	2.29	213.17	4.03	8.36	37.68	3.4
129 -23	0.20	1307.43	1450.56	1484.34	0.9645	2.81	8.29	41.99	2.34	213.47	4.09	8.44	37.66	3.45
129.5 -23	0.20	1309.65	1449.8	1484.25	0.9651	2.73	8.2	42.09	2.28	214.01	4.11	8.41	37.64	3.43
130 -23	0.20	1309.53	1447.66	1483.38	0.9596	2.65	8.02	42.14	2.24	214.35	4.04	8.33	37.6	3.41
130.5 -23	0.20	1310.49	1444.58	1483.31	0.974	2.68	8.01	42.16	2.27	216.19	4.13	8.39	37.57	3.42
131 -23	0.20	1310.18	1444.88	1483.38	0.9866	2.77	8.01	42.16	2.33	217.88	4.22	8.47	37.55	3.41
131.5 -23	0.20	1309.22	1443.83	1481.74	0.9889	2.69	7.91	42.12	2.37	219.2	4.17	8.48	37.52	3.4
132 -23	0.20	1307.34	1441.03	1480.4	0.977	2.77	7.91	42.1	2.39	221.01	4.24	8.55	37.5	3.41
132.5 -23	0.20	1306.06	1436.88	1480.8	0.972	2.81	7.78	42.2	2.39	222.54	4.18	8.52	37.42	3.36
133 -23	0.20	1304.67	1436.65	1482.66	0.9585	2.78	7.58	42.35	2.41	223.35	4.13	8.46	37.39	3.32
133.5 -23	0.20	1303.03	1434.76	1482.72	0.9593	2.83	7.67	42.3	2.47	224.12	4.16	8.52	37.37	3.35
134 -23	0.20	1302.71	1437.39	1481.61	0.9613	2.88	7.8	42.35	2.51	223.63	4.2	8.55	37.33	3.34
134.5 -23	0.20	1301.51	1435.37	1481.57	0.9824	2.81	7.83	42.22	2.48	222.05	4.16	8.51	37.3	3.34
135 -23	0.20	1303.4	1434.44	1480.47	0.9618	2.87	8.07	42.08	2.45	220.34	4.28	8.62	37.31	3.38
135.5 -23	0.20	1302.05	1433.33	1480.14	0.974	2.78	8.04	42.05	2.38	216.53	4.18	8.45	37.35	3.36
136 -23	0.20	1301.75	1432.68	1477.61	0.9791	2.67	7.96	42.07	2.32	212.65	4.08	8.28	37.31	3.36
136.5 -23	0.20	1301.81	1431.18	1478.57	0.9736	2.74	8.13	41.98	2.35	209.73	4.14	8.33	37.34	3.32
137 -23	0.20	1302.8	1430	1480.39	0.9874	2.74	8.26	42	2.38	206.62	4.12	8.33	37.31	3.34
137.5 -23	0.20	1302.22	1430.5	1480.86	0.9682	2.71	8.35	41.94	2.39	203.61	4.06	8.29	37.36	3.36
138 -23	0.20	1302.61	1430.05	1480.02	0.9603	2.7	8.42	41.91	2.39	200.6	4.03	8.27	37.43	3.33
138.5 -23	0.20	1301.38	1429.39	1480.18	0.9647	2.72	8.5	41.87	2.39	197.2	4.01	8.27	37.43	3.33
139 -23	0.20	1301.85	1429.19	1479.56	0.9675	2.77	8.59	41.9	2.45	194.12	4.01	8.3	37.4	3.33
139.5 -23	0.20	1300.79	1429.35	1480.97	0.9864	2.78	8.64	41.91	2.48	191.24	4.04	8.32	37.42	3.35
140 -23	0.20	1300.07	1429.68	1481.97	0.9854	2.78	8.62	41.94	2.46	187.62	4	8.26	37.49	3.34
140.5 -23	0.20	1299.92	1429.1	1482.93	0.9776	2.79	8.63	41.93	2.48	184.24	4.01	8.28	37.5	3.34
141 -23	0.20	1300.1	1428.28	1483.81	0.9745	2.77	8.61	41.96	2.45	179.99	4.01	8.29	37.53	3.34
141.5 -23	0.20	1301.34	1428.28	1483.55	0.9735	2.74	8.58	41.96	2.41	175.54	4.04	8.3	37.52	3.35
142 -23	0.20	1300.35	1428.74	1483.54	0.9801	2.72	8.53	41.97	2.39	170.02	4.05	8.35	37.53	3.37
142.5 -23	0.20	1300.07	1427.79	1483.11	0.9712	2.73	8.54	41.94	2.38	163.94	4.13	8.46	37.51	3.38
143 -23	0.20	1300.44	1428.34	1482.99	0.9771	2.74	8.54	41.9	2.39	158.75	4.22	8.54	37.48	3.4
127.5 -23.5	0.20	1306.39	1454.59	1488.34	0.9778	2.74	8.3	42.01	2.31	214.6	4.1	8.42	37.64	3.35
128 -23.5	0.20	1307.03	1454.71	1487.3	0.9707	2.75	8.28	42.05	2.31	214.88	4.09	8.4	37.67	3.37
128.5 -23.5	0.20	1308.04	1454.58	1486.23	0.9681	2.77	8.29	42.04	2.3	214.99	4.08	8.41	37.67	3.35
129 -23.5	0.20	1309.46	1454.01	1485.53	0.9624	2.8	8.34	42.03	2.32	215.48	4.15	8.45	37.66	3.39
129.5 -23.5	0.20	1309.66	1451.77	1484.27	0.974	2.8	8.34	42.08	2.31	216.08	4.15	8.49	37.67	3.41
130 -23.5	0.20	1310.54	1451.69	1483.6	0.9601	2.76	8.23	42.15	2.32	217.39	4.16	8.47	37.64	3.42
130.5 -23.5	0.20	1311.25	1448.64	1484.49	0.9796	2.79	8.19	42.18	2.33	218.95	4.21	8.53	37.58	3.42
131 -23.5	0.20	1311.02	1447.14	1484.22	0.9827	2.82	8.14	42.13	2.36	220.46	4.26	8.57	37.53	3.44
131.5 -23.5	0.20	1310.89	1446.29	1484.3	0.9847	2.86	8.16	42.13	2.44	221.47	4.29	8.64	37.48	3.42
132 -23.5	0.20	1308.52	1442.27	1482.95	0.9715	2.82	8.04	42.12	2.43	222.53	4.28	8.63	37.44	3.39
132.5 -23.5	0.20	1306.69	1440.11	1483.76	0.9769	2.84	7.93	42.08	2.45	223.74	4.27	8.6	37.42	3.41
133 -23.5	0.20	1303.36	1439.48	1481.46	0.958	2.83	7.72	42.2	2.41	223.74	4.18	8.54	37.39	3.36
133.5 -23.5	0.20	1305.68	1439.59	1482.84	0.9711	2.82	7.74	42.32	2.48	223.87	4.21	8.55	37.33	3.39
134 -23.5	0.20	1303.18	1439.47	1483.02	0.9938	2.7	7.69	42.3	2.45	222.32	4.1	8.43	37.32	3.32
134.5 -23.5	0.20	1303.12	1437.88	1480.51	0.986	2.85	7.9	42.24	2.45	222.11	4.2	8.58	37.21	3.31
135 -23.5	0.20	1302.18	1436.79	1480.69	0.9787	2.86	8.02	42.17	2.45	219.78	4.24	8.58	37.27	3.41
135.5 -23.5	0.20	1303.77	1436.4	1479.77	0.986	2.82	8.03	42.09	2.4	216.46	4.21	8.51	37.26	3.41
136 -23.5	0.20	1302.39	1434.4	1478.66	0.9799	2.77	8.05	42.04	2.31	213.05	4.15	8.35	37.35	3.35
136.5 -23.5	0.20	1302.87	1432.51	1479.1	0.9722	2.74	8.12	41.94	2.34	209.15	4.12	8.3	37.3	3.32
137 -23.5	0.20	1302.29	1431.55	1479.77	0.9771	2.74	8.25	41.92	2.35	206.11	4.1	8.32	37.34	3.32
137.5 -23.5	0.20	1302.94	1431.56	1480.13	0.9732	2.73	8.33	41.91	2.36	203.06	4.09	8.33	37.35	3.36
138 -23.5	0.20	1302.03	1431.08	1479.7	0.9755	2.75	8.44	41.9	2.37	199.66	4.07	8.32	37.38	3.36
138.5 -23.5	0.20	1301.63	1430.94	1480.11	0.9783	2.75	8.49	41.86	2.39	196.58	4.05	8.31	37.4	3.34
139 -23.5	0.20	1301.35	1430.74	1480.2	0.9797	2.8	8.62	41.9	2.45	193.66	4.09	8.34	37.4	3.37
139.5 -23.5	0.20	1301.23	1431.59	1480.69	0.9808	2.82	8.64	41.9	2.47	190.72	4.09	8.38	37.42	3.37
140 -23.5	0.20	1300.44	1430.36	1481.12	0.9847	2.77	8.6	41.92	2.42	187.46	4.01	8.3	37.48	3.33
140.5 -23.5	0.20	1300.2	1429.75	1482.37	0.9735	2.75	8.57	41.96	2.41	183.85	3.99	8.24	37.47	3.32
141 -23.5	0.20	1300.58	1429.84	1482.76	0.9818	2.74	8.56	41.94	2.4	180.4	3.99	8.26	37.48	3.33
141.5 -23.5	0.20	1300.3	1428.83	1481.81	0.9717	2.73	8.55	41.93	2.39	176.27	4.06	8.3	37.51	3.37
142 -23.5	0.20	1301.35	1428.64	1482.05	0.9795	2.71	8.52	41.93	2.37	172.12	4.08	8.35	37.49	3.38
142.5 -23.5	0.20	1300.36	1429.15	1481.92	0.9726	2.7	8.52	41.96	2.36	168.02	4.17	8.48	37.49	3.39
143 -23.5	0.20	1300.56	1428.62	1482.3	0.9673	2.72	8.51	41.92	2.35	164.8	4.21	8.55	37.5	3.41
127.5 -24	0.20	1305.17	1455.65	1488.83	0.9809	2.75	8.3	42.02	2.31	216.13	4.13	8.44	37.61	3.34
128 -24	0.20	1305.76	1455.62	1488.29	0.9758	2.75	8.28	42.06	2.3	216.28	4.1	8.44	37.6	3.29
128.5 -24	0.20	1306.29	1456.03	1486.61	0.9614	2.77	8.28	42.07	2.27	216.94	4.1	8.45	37.65	3.33
129 -24	0.20	1308.34	1455.78	1485.47	0.9792	2.75	8.29	42.08	2.29	217.22	4.08	8.4	37.68	3.34
129.5 -24	0.20	1310.43	1454.85	1485.97	0.9931	2.81	8.44	42.1	2.33	218.32	4.18	8.5	37.64	3.38
130 -24	0.20	1311.06	1452.92	1485.15	0.9649	2.77	8.24	42.17	2.3	218.89	4.09	8.43	37.66	3.42
130.5 -24	0.20	1311.01	1450.92	1486.63	0.9738	2.83	8.28	42.13	2.36	220.62	4.24	8.58	37.61	3.44
131 -24	0.20	1310.19	1449.28	1486.41	0.974	2.81	8.09	42.14	2.33	221.43	4.23	8.6	37.62	3.4
131.5 -24	0.20	1311.44	1447.85	1485.72	0.9782	2.83	8.11	42.11	2.38	222.03	4.23	8.6	37.51	3.42
132 -24	0.20	1309.32	1445.23	1484.64	0.9868	2.86	8.03	42.13	2.44	223.25	4.23	8.59	37.42	3.44
132.5 -24	0.20	1307.06	1442.89	1483.26	0.9822	2.86	7.98	42.1	2.46	223.72	4.28	8.64	37.37	3.39
133 -24	0.20	1306.66	1441.52	1481.33	0.9661	2.86	7.93	42.12	2.41	224.08	4.29	8.65	37.28	3.4
133.5 -24	0.20	1304.84	1440.21	1480.4	0.9889	2.85	7.93	42.08	2.48	223.66	4.31	8.69	37.21	3.4
134 -24	0.20	1306.33	1439.73	1481.85	0.9698	2.87	8.01	42.09	2.49	223.34	4.33	8.71	37.22	3.35
134.5 -24	0.20	1304.89	1439.06	1483.51	0.9712	2.87	7.99	42.14	2.47	221.23	4.26	8.63	37.21	3.38
135 -24	0.20	1303.59	1439.13	1482.15	0.9796	2.84	7.96	42.13	2.37	219.08	4.21	8.54	37.2	3.41
135.5 -24	0.20	1303.6	1438.73	1480.95	0.9751	2.77	7.99	42.12	2.37	215.51	4.18	8.44	37.28	3.37
136 -24	0.20	1305.24	1435.75	1480.12	0.9753	2.73	8.02	42.01	2.31	211.89	4.11	8.35	37.28	3.35
136.5 -24	0.20	1303.16	1433.79	1480.31	0.9712	2.73	8.11	41.94	2.31	208.39	4.12	8.31	37.32	3.34
137 -24	0.20	1303.27	1432.7	1480.54	0.9841	2.73	8.24	41.92	2.33	205.13	4.08	8.33	37.31	3.33
137.5 -24	0.20	1302.42	1432.83	1480.23	0.9788	2.75	8.33	41.89	2.34	201.81	4.11	8.36	37.34	3.38
138 -24	0.20	1302.49	1432.14	1480.32	0.9757	2.74	8.4	41.89	2.34	198.34	4.08	8.34	37.34	3.37
138.5 -24	0.20	1301.8	1432.36	1480.72	0.9768	2.77	8.5	41.88	2.36	195.1	4.08	8.34	37.39	3.39
139 -24	0.20	1301.86	1431.49	1480.33	0.9753	2.8	8.57	41.89	2.39	192.58	4.1	8.38	37.39	3.38
139.5 -24	0.20	1301.47	1430.68	1480.81	0.9718	2.81	8.61	41.89	2.4	189.74	4.08	8.4	37.44	3.37
140 -24	0.20	1300.82	1431.42	1481.11	0.9723	2.76	8.57	41.91	2.4	186.76	4.04	8.32	37.45	3.34
140.5 -24	0.20	1299.78	1430.27	1480.87	0.9775	2.76	8.55	41.93	2.36	183.68	4.04	8.31	37.46	3.35
141 -24	0.20	1299.64	1429.65	1480.72	0.9818	2.73	8.54	41.95	2.37	180.72	4.05	8.32	37.47	3.35
141.5 -24	0.20	1299.78	1429.93	1480.76	0.9753	2.73	8.54	41.96	2.39	177.66	4.14	8.4	37.47	3.4
142 -24	0.20	1300.3	1429.72	1480.93	0.9695	2.69	8.5	41.91	2.34	174.27	4.12	8.4	37.46	3.4
142.5 -24	0.20	1299.77	1429.73	1480.94	0.9708	2.69	8.49	41.94	2.33	171.51	4.16	8.49	37.47	3.39
143 -24	0.20	1299.58	1429.2	1480.79	0.9656	2.69	8.46	41.95	2.33	169.79	4.17	8.51	37.51	3.39
127.5 -24.5	0.20	1304.12	1456.44	1489.89	0.9737	2.76	8.31	42.02	2.31	217.9	4.14	8.44	37.58	3.32
128 -24.5	0.20	1304.19	1456.67	1488.95	0.9816	2.72	8.22	42.06	2.3	218.02	4.09	8.4	37.58	3.28
128.5 -24.5	0.20	1305.72	1456.18	1488.56	0.9744	2.7	8.21	42.09	2.29	217.91	4.02	8.33	37.62	3.3
129 -24.5	0.20	1307.81	1456.86	1487.13	0.9739	2.62	8.16	42.14	2.25	217.88	3.96	8.32	37.67	3.26
129.5 -24.5	0.20	1309.06	1456.35	1486.39	0.9699	2.69	8.28	42.15	2.29	217.99	4.04	8.37	37.68	3.36
130 -24.5	0.20	1310.45	1454.67	1486.9	0.9806	2.77	8.3	42.17	2.33	219.52	4.16	8.49	37.65	3.39
130.5 -24.5	0.20	1311.06	1451.74	1489.25	0.9807	2.8	8.32	42.14	2.33	221.03	4.25	8.59	37.69	3.41
131 -24.5	0.20	1309.02	1449.61	1489.42	0.9631	2.8	8.1	42.11	2.31	221.7	4.2	8.61	37.57	3.41
131.5 -24.5	0.20	1309.86	1447.95	1488	0.9756	2.75	7.88	42.15	2.29	222.42	4.15	8.51	37.48	3.41
132 -24.5	0.20	1310.92	1448.09	1486.79	0.9583	2.76	7.74	42.16	2.21	222.42	4.1	8.53	37.42	3.37
132.5 -24.5	0.20	1308.28	1445.31	1484.32	0.9617	2.82	7.85	42.09	2.32	223.5	4.25	8.6	37.27	3.46
133 -24.5	0.20	1308.71	1443.47	1482.49	0.9617	2.79	7.9	42.08	2.35	223.05	4.29	8.65	37.22	3.43
133.5 -24.5	0.20	1308.24	1441.55	1482.23	0.982	2.78	7.84	42.06	2.36	223	4.27	8.62	37.19	3.4
134 -24.5	0.20	1306.66	1440.43	1483.12	0.9699	2.76	7.75	42.09	2.36	222.1	4.23	8.57	37.25	3.37
134.5 -24.5	0.20	1306.61	1440.14	1484.36	0.9694	2.72	7.78	42.11	2.32	219.97	4.15	8.48	37.21	3.39
135 -24.5	0.20	1306.39	1440.24	1483.46	0.9805	2.76	7.82	42.07	2.26	217.61	4.13	8.45	37.26	3.41
135.5 -24.5	0.20	1305.97	1439.47	1482.17	0.985	2.72	7.87	42.04	2.29	214.49	4.11	8.38	37.28	3.38
136 -24.5	0.20	1306.52	1439.3	1482.73	0.9594	2.72	8.01	42.01	2.32	210.95	4.16	8.4	37.31	3.36
136.5 -24.5	0.20	1305.51	1436.42	1481.54	0.9702	2.69	8.12	41.94	2.27	207.24	4.1	8.35	37.3	3.34
137 -24.5	0.20	1303.85	1434.97	1481.09	0.9723	2.69	8.19	41.9	2.28	203.66	4.1	8.37	37.28	3.34
137.5 -24.5	0.20	1303.83	1434.11	1482.05	0.9687	2.72	8.31	41.92	2.28	200.22	4.09	8.38	37.31	3.38
138 -24.5	0.20	1302.41	1433.64	1481.17	0.9826	2.72	8.38	41.89	2.29	196.82	4.08	8.35	37.36	3.38
138.5 -24.5	0.20	1302.06	1431.99	1480.85	0.9807	2.74	8.46	41.86	2.34	193.72	4.11	8.4	37.36	3.39
139 -24.5	0.20	1301.6	1431.41	1480.08	0.983	2.74	8.5	41.87	2.34	190.52	4.07	8.38	37.41	3.36
139.5 -24.5	0.20	1300.91	1431.56	1480.37	0.9606	2.75	8.54	41.88	2.34	187.95	4.08	8.37	37.42	3.38
140 -24.5	0.20	1300.37	1430.74	1479.9	0.9641	2.73	8.52	41.9	2.33	185.69	4.05	8.36	37.44	3.38
140.5 -24.5	0.20	1298.59	1431.2	1480.67	0.9651	2.71	8.48	41.96	2.32	183.32	4.06	8.35	37.45	3.38
141 -24.5	0.20	1299.6	1430.24	1480.35	0.972	2.71	8.47	41.98	2.34	181.03	4.08	8.38	37.48	3.39
141.5 -24.5	0.20	1299.14	1429.67	1479.62	0.9736	2.68	8.47	41.95	2.34	178.83	4.11	8.42	37.47	3.4
142 -24.5	0.20	1299.18	1428.48	1479.17	0.9686	2.64	8.42	41.95	2.31	175.94	4.09	8.42	37.51	3.41
142.5 -24.5	0.20	1299.76	1429.99	1478.55	0.9667	2.66	8.44	41.97	2.3	174.33	4.13	8.47	37.47	3.41
143 -24.5	0.20	1299.95	1429.18	1479.42	0.9779	2.67	8.44	41.94	2.3	173.31	4.16	8.48	37.49	3.39
127.5 -25	0.20	1303.25	1456.51	1489.03	0.9834	2.77	8.29	41.97	2.31	219.12	4.14	8.44	37.52	3.28
128 -25	0.20	1304.73	1457.25	1489.96	0.9774	2.75	8.25	42.03	2.29	218.99	4.08	8.38	37.59	3.28
128.5 -25	0.20	1306.43	1457.22	1489.83	0.9694	2.69	8.18	42.06	2.27	219.14	3.99	8.34	37.59	3.28
129 -25	0.20	1307.12	1457.33	1488.43	0.9908	2.62	8.11	42.16	2.25	218.64	3.91	8.26	37.68	3.27
129.5 -25	0.20	1308.51	1456.22	1488.35	0.9833	2.62	8.09	42.12	2.24	218.98	3.93	8.27	37.68	3.29
130 -25	0.20	1310.11	1452.93	1487.84	0.9769	2.67	8.1	42.12	2.24	220	4.02	8.34	37.67	3.35
130.5 -25	0.20	1310.5	1452.68	1489.31	0.9705	2.72	8.08	42.16	2.23	221.1	4.09	8.46	37.63	3.37
131 -25	0.20	1309.41	1449.94	1490.19	0.9685	2.76	7.96	42.15	2.26	221.87	4.14	8.51	37.55	3.4
131.5 -25	0.20	1308.64	1449.15	1489.42	0.995	2.66	7.7	42.17	2.16	222.24	4.05	8.44	37.52	3.42
132 -25	0.20	1310.69	1448.23	1485	0.9709	2.68	7.57	42.17	2.15	222.52	4.11	8.42	37.42	3.44
132.5 -25	0.20	1312.37	1447.59	1484.79	0.9676	2.69	7.6	42.16	2.09	221.95	4.13	8.49	37.27	3.41
133 -25	0.20	1308.93	1446.37	1484.15	0.9588	2.65	7.65	42.08	2.22	222.11	4.19	8.49	37.18	3.45
133.5 -25	0.20	1310.1	1444.6	1483.9	0.9636	2.69	7.65	42.08	2.23	221.65	4.18	8.51	37.14	3.45
134 -25	0.20	1311.1	1442.22	1484.61	0.9764	2.7	7.65	42.08	2.23	220.73	4.17	8.48	37.15	3.41
134.5 -25	0.20	1309.04	1442	1486.19	0.9607	2.69	7.63	42.07	2.19	217.98	4.1	8.41	37.25	3.41
135 -25	0.20	1308.97	1441.2	1484.48	0.9699	2.68	7.72	42.09	2.2	216.14	4.07	8.4	37.27	3.43
135.5 -25	0.20	1308.48	1441.58	1483.87	0.9595	2.67	7.82	42.01	2.24	213.51	4.14	8.39	37.28	3.38
136 -25	0.20	1306.76	1438.74	1483.85	0.9572	2.7	7.98	41.96	2.25	209.7	4.11	8.37	37.28	3.38
136.5 -25	0.20	1305.69	1438.7	1482.34	0.9605	2.64	8.04	41.96	2.25	205.68	4.06	8.33	37.31	3.32
137 -25	0.20	1304.65	1436.64	1481.82	0.9602	2.66	8.14	41.93	2.23	201.79	4.05	8.34	37.29	3.37
137.5 -25	0.20	1304.4	1434.95	1481.93	0.9704	2.66	8.24	41.9	2.26	198.72	4.07	8.39	37.31	3.37
138 -25	0.20	1303.46	1433.39	1481.99	0.981	2.71	8.33	41.88	2.29	195.15	4.11	8.42	37.33	3.39
138.5 -25	0.20	1301.75	1432.27	1481.56	0.9753	2.67	8.35	41.86	2.27	191.58	4.04	8.33	37.4	3.38
139 -25	0.20	1302.11	1431.82	1479.64	0.977	2.7	8.47	41.87	2.28	188.42	4.08	8.36	37.44	3.4
139.5 -25	0.20	1301.49	1431.09	1479.78	0.9633	2.72	8.48	41.91	2.29	185.93	4.11	8.42	37.4	3.41
140 -25	0.20	1299.49	1431.07	1479.88	0.9584	2.72	8.45	41.94	2.27	183.84	4.11	8.41	37.42	3.42
140.5 -25	0.20	1298.22	1431.92	1478.76	0.9592	2.69	8.46	41.95	2.29	182.55	4.12	8.42	37.43	3.38
141 -25	0.20	1299.75	1430.93	1479.39	0.9593	2.66	8.39	41.94	2.28	181.22	4.07	8.41	37.45	3.4
141.5 -25	0.20	1298.71	1430.3	1478.5	0.9552	2.67	8.39	41.96	2.3	179.83	4.09	8.44	37.46	3.41
142 -25	0.20	1299.47	1430.01	1478.5	0.9903	2.64	8.35	41.95	2.3	178.02	4.06	8.38	37.48	3.38
142.5 -25	0.20	1299.75	1429.24	1478.47	0.9872	2.66	8.39	41.92	2.29	176.27	4.12	8.45	37.5	3.38
143 -25	0.20	1299.79	1429	1478.48	0.9866	2.67	8.42	41.92	2.28	175.52	4.13	8.47	37.51	3.39
127.5 -25.5	0.20	1302.96	1456.78	1489.48	0.9833	2.73	8.19	41.96	2.28	219.16	4	8.31	37.56	3.27
128 -25.5	0.20	1304.33	1456.38	1490.34	0.9782	2.68	8.14	42.03	2.25	219.54	3.94	8.3	37.59	3.26
128.5 -25.5	0.20	1305.58	1456.58	1489.41	0.9676	2.69	8.12	42.04	2.25	219.61	3.91	8.23	37.64	3.24
129 -25.5	0.20	1307.34	1456.89	1489.42	0.9651	2.65	8.07	42.1	2.23	219.27	3.87	8.21	37.67	3.24
129.5 -25.5	0.20	1308.49	1456.07	1489.16	0.9689	2.64	8.03	42.13	2.26	219.37	3.89	8.21	37.66	3.28
130 -25.5	0.20	1310.35	1454.19	1489.5	0.9774	2.69	8.06	42.12	2.28	220.24	4.02	8.33	37.64	3.35
130.5 -25.5	0.20	1310.73	1451.85	1490.24	0.9768	2.75	8.03	42.11	2.28	221.2	4.14	8.48	37.63	3.36
131 -25.5	0.20	1310.95	1450.92	1491.36	0.9782	2.78	7.91	42.15	2.24	221.42	4.17	8.57	37.58	3.36
131.5 -25.5	0.20	1309.39	1447.61	1489.3	0.9762	2.8	7.82	42.15	2.17	221.98	4.2	8.59	37.45	3.42
132 -25.5	0.20	1310.88	1447.45	1488.01	0.9719	2.76	7.71	42.1	2.21	222.11	4.24	8.59	37.29	3.45
132.5 -25.5	0.20	1311.04	1447.33	1485.9	0.9598	2.78	7.7	42.09	2.16	221.7	4.3	8.59	37.21	3.45
133 -25.5	0.20	1312.15	1446.43	1484.96	0.9782	2.78	7.74	42.02	2.14	221.67	4.3	8.6	37.08	3.45
133.5 -25.5	0.20	1311.78	1444.06	1485.74	0.9808	2.75	7.69	42	2.2	220.78	4.25	8.57	37.11	3.47
134 -25.5	0.20	1311.5	1443.94	1485.9	0.9621	2.65	7.62	42	2.15	219.46	4.18	8.44	37.23	3.4
134.5 -25.5	0.20	1312.25	1441.99	1486.2	0.9653	2.66	7.65	42.01	2.19	217.62	4.15	8.42	37.21	3.44
135 -25.5	0.20	1309.99	1441.84	1484.73	0.9731	2.64	7.68	41.99	2.2	214.88	4.13	8.4	37.28	3.42
135.5 -25.5	0.20	1308.61	1440.98	1484.16	0.9597	2.66	7.79	41.93	2.22	211.87	4.09	8.35	37.29	3.4
136 -25.5	0.20	1306.22	1440.1	1484.46	0.9597	2.67	7.91	41.98	2.25	208.45	4.1	8.37	37.26	3.37
136.5 -25.5	0.20	1305.34	1439.22	1484.21	0.9825	2.66	8.03	41.98	2.25	204.37	4.07	8.37	37.28	3.33
137 -25.5	0.20	1305.4	1436.94	1482.81	0.962	2.64	8.1	41.93	2.26	200.59	4.07	8.36	37.31	3.36
137.5 -25.5	0.20	1304.31	1435.38	1483.14	0.9642	2.68	8.21	41.89	2.25	197.28	4.1	8.39	37.33	3.36
138 -25.5	0.20	1302.97	1433.17	1481.86	0.9749	2.67	8.25	41.88	2.24	193.72	4.09	8.37	37.34	3.37
138.5 -25.5	0.20	1302.33	1432.02	1480.74	0.9771	2.68	8.3	41.87	2.26	190.29	4.08	8.38	37.37	3.38
139 -25.5	0.20	1301.65	1431.11	1480.75	0.9709	2.65	8.35	41.88	2.23	186.8	4.07	8.34	37.39	3.4
139.5 -25.5	0.20	1301.13	1431.36	1479.76	0.9726	2.66	8.34	41.89	2.23	183.37	4.09	8.39	37.44	3.39
140 -25.5	0.20	1300.13	1431.65	1480.16	0.9675	2.66	8.34	41.93	2.24	181.69	4.07	8.41	37.45	3.42
140.5 -25.5	0.20	1298.78	1430.86	1480.39	0.9774	2.65	8.34	41.93	2.22	181.38	4.09	8.4	37.45	3.41
141 -25.5	0.20	1299.33	1430.52	1481.29	0.958	2.67	8.34	41.95	2.21	181	4.08	8.41	37.42	3.39
141.5 -25.5	0.20	1299.05	1429.98	1479.3	0.9602	2.64	8.3	41.96	2.25	179.77	4.07	8.41	37.45	3.41
142 -25.5	0.20	1299.16	1428.93	1477.96	0.9611	2.64	8.33	41.9	2.25	179.01	4.07	8.4	37.45	3.4
142.5 -25.5	0.20	1299.75	1428.8	1477.7	0.9654	2.63	8.36	41.91	2.25	177.71	4.07	8.41	37.5	3.39
143 -25.5	0.20	1299.49	1428.98	1478.78	0.9746	2.66	8.41	41.89	2.27	176.87	4.1	8.44	37.52	3.39
127.5 -26	0.20	1300.37	1457.15	1488.04	0.9769	2.69	8.13	41.89	2.24	219.17	3.88	8.21	37.61	3.22
128 -26	0.20	1302.88	1456.6	1489.11	0.9668	2.67	8.08	41.97	2.23	219.42	3.85	8.18	37.63	3.24
128.5 -26	0.20	1304.44	1457.52	1489.24	0.9659	2.64	8.05	42.04	2.23	219.65	3.83	8.16	37.65	3.21
129 -26	0.20	1306.09	1458.29	1488.09	0.9773	2.57	7.96	42.12	2.22	218.93	3.75	8.07	37.67	3.17
129.5 -26	0.20	1308.06	1455.79	1488.97	0.964	2.58	7.94	42.11	2.25	219.16	3.84	8.14	37.67	3.24
130 -26	0.20	1309.12	1453.09	1488.99	0.9761	2.62	7.92	42.13	2.24	219.82	3.92	8.26	37.63	3.31
130.5 -26	0.20	1311.05	1451.85	1490.33	0.9866	2.7	7.92	42.11	2.25	220.67	4.06	8.45	37.59	3.35
131 -26	0.20	1311.12	1448.7	1491.24	0.9597	2.8	7.92	42.13	2.23	221.29	4.17	8.58	37.55	3.33
131.5 -26	0.20	1310.67	1448.32	1489.5	0.9781	2.79	7.88	42.12	2.25	221.61	4.27	8.62	37.39	3.4
132 -26	0.20	1310.28	1447.55	1490.24	0.9754	2.77	7.73	42.11	2.2	221.53	4.25	8.61	37.3	3.43
132.5 -26	0.20	1312.05	1445.56	1487.33	0.99	2.81	7.75	42.05	2.2	221.09	4.29	8.65	37.14	3.44
133 -26	0.20	1311.25	1446.54	1486.51	0.9919	2.81	7.78	42.02	2.17	221.25	4.3	8.63	37.12	3.49
133.5 -26	0.20	1312.13	1444.7	1486.71	0.9744	2.76	7.71	41.97	2.2	220.88	4.26	8.61	37.13	3.47
134 -26	0.20	1311.92	1443.45	1486.65	0.9814	2.68	7.64	41.99	2.17	218.85	4.16	8.49	37.16	3.42
134.5 -26	0.20	1311.42	1443.78	1486.01	0.9869	2.6	7.6	41.95	2.18	216.14	4.1	8.41	37.29	3.4
135 -26	0.20	1309.93	1441.61	1485.41	0.9663	2.67	7.75	41.93	2.22	213.75	4.17	8.46	37.26	3.39
135.5 -26	0.20	1308.08	1440.46	1485.4	0.9718	2.68	7.83	41.93	2.24	211.03	4.14	8.45	37.27	3.41
136 -26	0.20	1307	1440.17	1485.09	0.9614	2.66	7.92	41.9	2.27	207.32	4.11	8.41	37.25	3.38
136.5 -26	0.20	1305.57	1438.68	1484.67	0.9594	2.64	8.03	41.91	2.27	203.56	4.09	8.43	37.29	3.37
137 -26	0.20	1305.26	1437.5	1483.45	0.9602	2.64	8.11	41.9	2.26	199.96	4.1	8.41	37.32	3.36
137.5 -26	0.20	1304.5	1434.65	1483.26	0.9838	2.65	8.14	41.9	2.26	196.18	4.08	8.37	37.31	3.38
138 -26	0.20	1303.13	1433.88	1481.61	0.9628	2.68	8.22	41.9	2.25	192.93	4.12	8.4	37.33	3.38
138.5 -26	0.20	1302.33	1432.38	1480.71	0.9689	2.67	8.26	41.89	2.23	189.33	4.08	8.35	37.39	3.39
139 -26	0.20	1301.64	1431.96	1480.39	0.9772	2.66	8.29	41.88	2.23	185.98	4.1	8.39	37.39	3.39
139.5 -26	0.20	1300.69	1431.85	1481.07	0.9642	2.65	8.29	41.91	2.22	183	4.11	8.39	37.44	3.41
140 -26	0.20	1299.8	1431.35	1480.5	0.9643	2.65	8.29	41.91	2.24	180.8	4.11	8.41	37.43	3.42
140.5 -26	0.20	1299.34	1431.11	1481.04	0.9761	2.62	8.25	41.95	2.21	180.29	4.05	8.39	37.4	3.4
141 -26	0.20	1297.84	1430.56	1480.96	0.9655	2.62	8.28	41.94	2.22	180.27	4.11	8.42	37.43	3.41
141.5 -26	0.20	1298.62	1429.16	1479.58	0.9866	2.61	8.27	41.98	2.23	179.97	4.09	8.4	37.44	3.39
142 -26	0.20	1299.09	1428.95	1478.58	0.9797	2.63	8.34	41.92	2.23	179.25	4.1	8.42	37.46	3.4
142.5 -26	0.20	1299.11	1428.05	1478.12	0.9717	2.64	8.38	41.9	2.25	178.55	4.1	8.42	37.47	3.39
143 -26	0.20	1300.72	1429.24	1479.37	0.9806	2.64	8.4	41.87	2.25	177.86	4.09	8.41	37.54	3.4
127.5 -26.5	0.20	1302.16	1457.61	1488.43	0.9856	2.77	8.19	41.93	2.27	220.04	3.97	8.27	37.65	3.25
128 -26.5	0.20	1303.8	1457.25	1487.69	0.9787	2.74	8.17	41.98	2.29	220.11	3.95	8.27	37.63	3.25
128.5 -26.5	0.20	1305.16	1457.59	1487.77	0.9857	2.67	8.07	42.02	2.24	219.47	3.86	8.17	37.64	3.23
129 -26.5	0.20	1306.6	1457.63	1488.39	0.9699	2.62	7.98	42.09	2.21	219.45	3.82	8.12	37.65	3.22
129.5 -26.5	0.20	1307.21	1456.42	1487.46	0.9912	2.57	7.89	42.1	2.23	218.97	3.79	8.13	37.66	3.23
130 -26.5	0.20	1309.23	1453.55	1487.99	0.9692	2.6	7.87	42.08	2.24	219.7	3.89	8.21	37.67	3.28
130.5 -26.5	0.20	1309.74	1452.11	1489.33	0.9714	2.64	7.82	42.11	2.22	220.04	3.97	8.34	37.61	3.34
131 -26.5	0.20	1311.03	1448.89	1490.42	0.9681	2.68	7.77	42.07	2.2	220.72	4.09	8.46	37.51	3.35
131.5 -26.5	0.20	1311.36	1447.37	1490.78	0.988	2.65	7.7	42.05	2.19	220.88	4.1	8.49	37.42	3.39
132 -26.5	0.20	1310.82	1447.06	1490.47	0.9605	2.64	7.68	42.09	2.18	220.7	4.13	8.5	37.26	3.42
132.5 -26.5	0.20	1310.44	1446.76	1488.63	0.9781	2.67	7.67	42.04	2.18	220.95	4.17	8.52	37.17	3.4
133 -26.5	0.20	1310.79	1444.91	1487.21	0.9791	2.7	7.7	41.96	2.17	221.02	4.2	8.54	37.12	3.42
133.5 -26.5	0.20	1310.75	1445.07	1486.75	0.9793	2.69	7.68	41.97	2.2	220.24	4.2	8.54	37.18	3.44
134 -26.5	0.20	1311.24	1444.27	1486.15	0.9801	2.71	7.73	41.94	2.23	218.43	4.21	8.54	37.19	3.45
134.5 -26.5	0.20	1309.86	1443.16	1485.72	0.9798	2.74	7.77	41.91	2.23	216.49	4.23	8.54	37.21	3.43
135 -26.5	0.20	1309.19	1441.99	1486.25	0.985	2.75	7.85	41.9	2.25	213.73	4.23	8.54	37.25	3.42
135.5 -26.5	0.20	1307.8	1440.9	1485.85	0.9748	2.77	7.94	41.91	2.3	210.67	4.23	8.55	37.26	3.39
136 -26.5	0.20	1306.86	1439.58	1485.39	0.9688	2.68	7.96	41.89	2.28	207.18	4.16	8.47	37.26	3.39
136.5 -26.5	0.20	1305.86	1438.97	1483.92	0.9749	2.67	8.06	41.89	2.29	203.45	4.14	8.46	37.28	3.37
137 -26.5	0.20	1304.98	1437.53	1484.35	0.9807	2.64	8.1	41.87	2.27	199.73	4.12	8.42	37.31	3.39
137.5 -26.5	0.20	1304.18	1435.42	1483.37	0.966	2.67	8.16	41.89	2.26	196	4.14	8.42	37.33	3.38
138 -26.5	0.20	1302.7	1433.42	1481.52	0.9793	2.65	8.19	41.88	2.25	192.63	4.14	8.4	37.35	3.4
138.5 -26.5	0.20	1302.52	1432.95	1481.27	0.9785	2.64	8.24	41.88	2.25	189	4.12	8.37	37.4	3.41
139 -26.5	0.20	1302	1432.87	1480.91	0.9651	2.65	8.26	41.9	2.24	185.79	4.1	8.37	37.45	3.42
139.5 -26.5	0.20	1300.85	1432.99	1480.58	0.9695	2.66	8.27	41.87	2.23	182.99	4.13	8.4	37.41	3.42
140 -26.5	0.20	1300.03	1432.57	1481.85	0.9701	2.65	8.29	41.9	2.25	181.3	4.14	8.42	37.41	3.43
140.5 -26.5	0.20	1298.86	1431.74	1480.92	0.9866	2.63	8.28	41.94	2.23	180.44	4.13	8.41	37.44	3.43
141 -26.5	0.20	1298.38	1430.81	1480.88	0.9754	2.63	8.3	41.97	2.23	180.19	4.13	8.44	37.43	3.4
141.5 -26.5	0.20	1298.55	1429.6	1479.45	0.9727	2.61	8.3	41.94	2.22	179.85	4.11	8.4	37.45	3.39
142 -26.5	0.20	1299.43	1428.67	1479.64	0.9772	2.65	8.37	41.94	2.22	179.73	4.14	8.46	37.46	3.4
142.5 -26.5	0.20	1300.03	1428.27	1479.34	0.9745	2.65	8.39	41.92	2.25	178.79	4.11	8.42	37.47	3.4
143 -26.5	0.20	1299.58	1427.9	1479.53	0.9761	2.66	8.45	41.88	2.26	178.51	4.12	8.42	37.51	3.38
