      Lon      Lat     thick1        Vs1        Vp1   SedDens1      Dens1      thick2        Vs2        Vp2      Dens2      thick3        Vs3        Vp3      Dens3     thick4        Vs4        Vp4      Dens4 
      deg      deg          m        m/s        m/s      kg/m3      kg/m3          m        m/s        m/s      kg/m3          m        m/s        m/s      kg/m3          m        m/s        m/s      kg/m3 
127.5 -15.5 107.94	498.75	777.345	178.365	135.24	1471.96	89.28	179.325	39.3	3561.39	128.745	229.305	57.15	5951.52	176.85	249.795	86.25
128 -15.5 100.995	434.475	590.34	157.965	102.09	1431.38	94.905	201.57	44.655	2734.93	139.275	250.23	60.75	5399.98	190.575	293.175	94.665
128.5 -15.5 104.37	541.35	829.695	236.88	144.69	1616.16	90.54	210.36	46.665	3079.76	137.4	247.2	61.95	5225.84	194.655	295.245	97.53
129 -15.5 302.67	570.09	707.385	146.61	129.96	1652.74	135.675	213.315	49.455	3211.07	117.12	191.295	48.96	5911.95	172.635	258.765	85.71
129.5 -15.5 350.415	493.155	837.15	110.235	151.65	1540.9	129.03	185.265	43.815	2962.82	127.59	209.745	53.4	5386.47	185.97	280.845	90.135
130 -15.5 301.2	523.08	716.19	183.105	132.435	1785.6	140.235	230.88	53.43	3489.72	130.665	208.815	53.7	4616.4	185.325	292.8	94.41
130.5 -15.5 766.41	314.37	449.805	62.385	86.745	1541.67	147.03	239.82	55.5	3206.7	129.36	206.925	52.56	5652.43	192.435	286.65	95.82
131 -15.5 665.085	300.69	355.68	77.775	70.095	1607.38	136.125	235.68	53.76	3706.42	137.58	228.255	59.55	6724.68	183.465	271.275	89.115
131.5 -15.5 635.565	320.7	295.47	88.485	58.845	1765.56	137.67	244.8	56.88	3635.46	128.1	182.52	48.63	5773.92	202.965	319.125	108
132 -15.5 672.42	276.465	339.195	69.81	66.72	1911.2	138.075	225.015	52.725	3540.02	126.78	198.045	52.38	5916.64	186.405	272.1	94.005
132.5 -15.5 647.79	304.755	361.935	74.595	70.92	1395.03	138.285	236.055	55.095	3310.27	123.21	194.22	51.12	4530.84	162.195	232.605	82.635
133 -15.5 560.52	286.785	522.015	68.655	100.305	1688.84	132.24	233.325	54.075	3375.67	123.165	188.595	49.95	6270.18	163.155	217.74	78.585
133.5 -15.5 478.17	375.675	598.02	92.475	110.985	1949.34	114.465	168.015	40.35	3845.45	117.42	161.37	43.845	6048.42	162.735	209.19	74.7
134 -15.5 432.78	399.375	598.17	84.21	113.28	2189.22	107.025	187.035	44.625	4253.61	98.73	116.325	32.475	6534.05	150.705	195.255	71.4
134.5 -15.5 459.135	419.565	656.445	99.705	123.57	2449.03	118.125	175.29	42.225	4007.19	93.21	94.17	26.655	5152.44	125.16	144.51	54.765
135 -15.5 719.715	260.385	332.28	63.255	65.625	1651.01	99.045	144.165	35.1	2180.05	99.945	95.64	26.955	4174.07	143.22	139.545	52.86
135.5 -15.5 575.82	311.55	447.045	73.53	86.235	1877.09	115.365	176.46	42.135	3549.48	102.225	127.245	35.235	6372.75	147.885	184.62	67.605
136 -15.5 509.34	392.55	442.665	87.42	85.8	1866.8	110.61	165.48	40.02	3979.66	106.23	130.11	35.925	5439.7	162.825	220.86	79.08
136.5 -15.5 521.34	387.18	395.79	101.955	77.565	1727.01	125.34	193.08	45.9	3254.8	120.825	176.31	47.535	6501.77	179.61	274.605	95.34
137 -15.5 602.265	365.685	253.635	92.13	51.135	1692.93	111.645	158.685	38.295	3002.02	108.435	155.865	42.405	3805.8	190.77	291.54	99.6
137.5 -15.5 395.22	379.5	561.615	74.4	107.04	1699.44	118.29	183.555	43.275	2068.97	132.705	218.7	56.55	4681.41	114.66	102.375	40.5
138 -15.5 155.55	356.505	496.47	110.595	96.03	1329.78	99.6	210.225	46.53	3362.4	129.855	261.99	65.775	4413.28	134.28	205.875	73.62
138.5 -15.5 343.575	558.915	710.565	113.67	128.07	1257.33	131.46	193.395	45.66	2629.77	134.52	234.615	57.225	4636.68	177.615	270.465	84.57
139 -15.5 415.59	548.955	747.33	107.22	137.955	1250.24	149.295	240.045	55.23	2461.76	133.185	223.665	54.135	4753.74	177.765	268.395	85.47
139.5 -15.5 400.5	504.81	739.68	112.5	137.31	1300.5	146.355	244.785	56.37	2421.26	129.375	213.93	51.375	3728.04	171.135	260.58	80.46
140 -15.5 401.565	514.455	550.14	136.875	104.61	1269.05	144.615	231.24	53.73	2539.76	131.265	219.27	53.835	4683.32	150.345	219.81	66.96
140.5 -15.5 393.915	531.57	502.68	105.345	96.48	1218	133.395	229.485	52.74	2474.1	138.825	233.445	56.61	5041.12	177.9	264.615	83.43
141 -15.5 372.465	407.55	501.87	138.24	96.33	1403.75	139.515	231.765	53.895	2514.05	134.01	231.075	56.79	4763.79	176.955	276.3	88.11
141.5 -15.5 225.09	619.575	935.295	179.175	167.94	1548.93	111.555	203.7	47.4	3247.55	136.47	244.56	61.14	4335.66	193.995	303.3	98.295
142 -15.5 334.17	646.365	955.02	139.035	172.77	1624.14	117.3	210.735	49.335	2982.43	122.625	210.915	53.19	5818.44	202.965	291.96	99.36
142.5 -15.5 183.375	611.025	964.425	145.455	171.315	1732.47	107.46	196.875	44.925	3566.82	131.34	225.315	56.535	4255.95	174.285	240.375	83.685
143 -15.5 102.135	429.855	752.925	98.22	131.085	1482.13	87.825	193.44	43.005	2898.99	133.365	238.845	59.73	4706.91	192.465	282.345	94.17
127.5 -16 94.245	529.875	844.605	115.77	147.51	1570.07	56.73	131.28	28.845	3541.99	93.9	199.29	48.93	4627.07	194.415	302.415	101.475
128 -16 103.005	443.43	691.29	232.29	119.91	1536.27	86.565	182.04	40.905	2947.39	137.745	241.335	61.05	5464.12	174.495	273.735	90.18
128.5 -16 105.78	692.865	1215.09	125.43	217.515	1613.94	93.345	191.205	43.485	3435.57	124.32	213.9	55.17	6215.7	188.61	293.505	98.565
129 -16 296.58	610.17	850.86	301.53	156.945	1638.2	129.045	222.255	51.975	3628.05	127.005	217.53	54.84	6437.67	184.92	274.065	93.54
129.5 -16 270.375	514.41	473.565	185.46	91.755	1753.93	98.88	172.32	41.055	3360.78	117.75	183.12	47.82	5645.43	174.825	252.345	88.665
130 -16 567.195	292.62	243.585	94.47	48.915	1716.95	137.97	224.295	52.365	3181.93	126.87	211.875	54.81	4906.53	191.655	299.055	99.57
130.5 -16 683.955	270.705	216.12	82.62	43.83	1612.7	129.735	199.47	47.025	3141.52	121.86	181.515	47.715	7302.85	180.51	267.555	91.995
131 -16 686.415	266.91	177.45	95.265	36.405	1722.46	134.79	203.97	48.36	2948.09	124.08	183.015	48.99	5795.4	169.8	238.26	83.985
131.5 -16 463.95	333.21	150.09	86.385	30.93	1929.55	112.44	156.9	37.71	3679.76	118.275	179.715	47.85	7266.66	137.175	149.52	56.475
132 -16 512.67	349.275	231.42	102.465	46.95	1885.07	118.47	160.785	38.7	3773.45	125.73	193.41	51.105	6734.84	197.205	289.215	99.69
132.5 -16 728.94	355.305	171.3	81.57	35.25	2033.31	107.415	137.7	33.57	3152.11	130.74	200.22	53.25	6638.94	148.41	187.815	67.86
133 -16 457.98	379.455	235.815	94.05	47.7	1991.79	116.85	157.365	37.995	3789.48	116.76	176.1	47.205	6733.09	179.925	266.01	92.01
133.5 -16 456.825	302.355	177.69	103.155	36.465	2460.38	105.54	158.415	38.31	3092.61	122.91	172.815	46.845	6543.57	178.41	264.18	91.845
134 -16 528.735	327.27	164.745	102.3	33.87	1830.95	105.33	139.23	34.05	3874.36	97.62	98.055	27.63	4888.44	164.025	220.62	78.885
134.5 -16 338.43	358.485	170.925	92.7	35.07	1426.62	101.625	99.45	24.735	4324.27	91.2	65.58	18.81	7590.73	122.97	133.83	51.18
135 -16 284.37	254.49	142.815	62.295	29.595	1096.65	85.065	120.33	29.7	4458.23	78.15	74.625	21.3	6091.44	106.935	65.1	26.625
135.5 -16 354.255	288.93	160.455	67.695	33.03	1460.81	80.16	127.29	30.9	3673.53	98.97	182.31	49.065	3770.64	102.42	81.885	32.76
136 -16 381.975	322.92	148.305	77.145	30.63	2371.7	78.09	144.165	34.89	3077.49	96.48	167.055	45.09	3328.12	154.515	195.06	70.425
136.5 -16 429.06	214.08	122.535	77.49	25.47	1492.63	81.42	154.56	37.395	3630.51	94.74	175.59	46.38	6504.51	157.65	229.305	82.17
137 -16 249.81	306.63	117.975	55.92	24.6	1544.91	81.39	135.075	33.015	3017.7	80.115	169.35	44.76	3211.38	203.1	270.405	93.96
137.5 -16 521.76	190.155	139.95	55.755	28.83	1682.58	87.45	162.615	39.09	3024.93	106.545	192.24	50.82	4684.82	186.585	272.07	89.43
138 -16 332.715	378.57	268.83	89.625	54	1993.88	69.69	168.405	39.495	2816.4	82.92	159.165	40.44	5032.56	179.085	265.905	89.865
138.5 -16 250.23	645.78	940.23	138.585	167.805	1380.57	128.85	227.07	53.01	3396.52	111.6	200.295	50.01	4283.02	206.82	316.53	104.58
139 -16 440.895	510.705	720.885	147.72	134.1	1292.95	130.86	209.25	49.065	2752.44	134.085	234.21	57.555	6648.05	195.825	312.105	101.31
139.5 -16 402.6	598.68	600.21	146.61	113.4	1233.35	129.525	198.6	46.335	2698.34	118.485	195.63	47.235	4222.64	157.155	220.095	67.155
140 -16 288.6	613.74	932.4	197.01	170.94	1311	135.45	237.345	54.735	2785.65	142.05	243.915	59.52	5973.78	180.81	265.005	89.745
140.5 -16 416.775	561.18	660.12	150.27	123.705	1453.8	139.11	208.62	49.245	2653.07	137.61	251.025	62.565	5595.72	185.145	297.54	96.225
141 -16 383.76	448.95	494.91	103.185	94.86	1357.82	137.835	242.865	55.635	2757.12	133.995	223.86	54.72	4827.4	179.73	275.13	89.76
141.5 -16 285.885	530.985	782.97	313.26	143.82	1404.96	114.615	180.51	43.035	3294.15	135.375	234.27	56.97	6388.42	186.135	291.75	99.18
142 -16 261.15	557.01	793.995	248.595	146.64	1487.54	107.385	168.72	40.38	2982.03	119.985	203.325	51.075	4720.01	223.47	343.05	112.08
142.5 -16 193.785	748.32	1031.36	171.675	183.39	1662.75	113.13	208.305	48.33	2690.88	127.455	232.68	59.175	5375.14	176.1	270.705	92.64
143 -16 116.52	435.96	904.02	61.2	158.88	1738.3	95.82	214.755	47.4	2934.42	136.335	243.765	59.625	5071.18	193.92	289.08	94.035
127.5 -16.5 112.215	412.395	730.53	91.17	126.72	1926.91	47.94	158.01	35.115	3399.15	87.69	214.14	55.23	5098.92	181.575	297.015	101.34
128 -16.5 103.725	708.78	1085.57	246.03	196.89	1930.89	83.07	182.715	40.965	3673.3	125.73	212.82	54.795	5580.05	165.795	241.305	85.35
128.5 -16.5 100.29	699.24	1160.12	316.86	206.655	1745.68	87.945	181.47	40.785	3331.1	137.16	234.78	58.965	5722.17	159.465	208.905	74.82
129 -16.5 521.97	322.44	397.275	117.765	77.88	1792.27	122.565	206.745	48.39	3239.48	124.305	204.405	52.995	5364.69	183.525	281.13	95.46
129.5 -16.5 563.295	289.845	348.615	79.275	68.715	1475.26	135.24	211.68	49.455	2989.53	129.045	196.89	51.735	3973.11	153.27	218.64	79.245
130 -16.5 601.29	347.07	213.255	68.595	43.425	1434	122.79	212.775	50.31	3147.64	137.685	217.86	57.18	5029.47	155.085	221.04	77.58
130.5 -16.5 434.7	278.205	212.97	97.695	43.35	1745.61	116.37	155.055	37.545	3489.75	120.105	191.805	50.76	6464.34	185.415	280.695	95.49
131 -16.5 370.68	389.28	162.975	96.3	33.54	1445.22	110.37	135.87	33.225	2908.76	113.355	190.89	50.13	6252.81	177.615	252.345	88.02
131.5 -16.5 490.395	253.68	141.135	96.795	29.19	1959.15	108.81	139.035	33.87	3627.86	122.115	178.545	47.955	5442.75	141.315	196.695	71.22
132 -16.5 607.17	246.135	150.6	105.72	31.14	1745.45	123.465	172.23	41.46	2207.24	127.02	181.08	47.385	4677.03	166.02	218.46	78.39
132.5 -16.5 401.94	362.97	161.565	79.05	33.165	1707.86	116.865	149.085	36.135	3475.42	127.605	179.805	48.165	3978.03	164.265	218.085	76.95
133 -16.5 234.57	285.09	130.935	92.97	27.12	1849.9	118.395	142.815	34.665	3078.84	130.62	183.525	48.345	5428.89	175.86	244.005	83.49
133.5 -16.5 275.445	233.805	120.75	78.435	25.08	1763.61	96.855	127.845	31.185	3183.27	124.485	199.38	51.855	5803.07	182.385	261.135	90.405
134 -16.5 380.82	148.305	106.83	54.96	22.365	1944.12	85.65	137.13	33.135	3511.89	99.93	185.13	48.855	4429.07	151.14	195.525	70.14
134.5 -16.5 678.945	150.915	83.37	56.175	17.565	2059.92	81.18	133.605	32.415	4452.38	92.265	162.165	44.52	4911.87	104.22	120.66	46.725
135 -16.5 230.85	265.335	102.435	82.05	21.39	1988.64	80.475	136.575	33.42	1795.35	98.025	93.6	26.295	4453.76	105.045	97.995	38.7
135.5 -16.5 388.59	133.485	79.245	69.06	16.68	1311.76	102.09	115.845	28.62	2592.55	91.44	172.53	45.855	3867.52	100.935	75.255	30.39
136 -16.5 383.685	235.725	75.75	79.665	15.945	1692.46	100.485	145.02	35.205	3475.73	85.245	155.1	40.71	5550.6	185.145	250.305	89.115
136.5 -16.5 544.2	201.03	131.04	69.195	27.045	1553.57	92.46	150.375	36.48	2768.38	102.21	182.025	46.995	4871.7	131.505	165.69	61.14
137 -16.5 632.61	150.54	107.97	56.07	22.41	1638.39	91.575	126.915	30.9	2892.24	98.04	166.65	42.93	4898.74	146.79	212.91	77.13
137.5 -16.5 694.215	195.51	144.9	73.47	29.97	1534.51	85.89	148.56	35.745	3449.25	95.025	161.37	41.775	5830.69	180.72	269.625	91.995
138 -16.5 602.94	260.31	162.93	93.75	33.57	1586.6	83.31	162.435	38.775	2884.47	97.725	206.61	52.935	4459.66	172.305	243.585	85.44
138.5 -16.5 108.33	371.07	562.11	154.08	107.085	1543.68	62.85	151.77	36.45	3421.66	67.545	137.805	33.84	5542.58	184.8	281.145	95.4
139 -16.5 176.94	444.945	601.005	122.055	113.61	1645.89	64.95	134.685	32.415	2982.39	79.95	163.635	39.69	4555.48	178.335	255.105	83.565
139.5 -16.5 222.69	568.575	706.83	126.51	131.775	1895.46	89.64	184.845	43.26	2804.31	95.505	183.375	45.6	5017.68	183.93	277.62	90.795
140 -16.5 125.355	796.14	1241.61	157.92	223.68	1273.37	77.535	150.465	34.86	2783.95	77.13	166.305	40.065	4749.26	164.94	263.415	84.915
140.5 -16.5 325.59	684.09	782.94	103.335	143.835	1218.9	108.405	190.695	43.965	2562.21	94.83	180.045	43.665	4920.26	163.245	260.805	81.72
141 -16.5 303.585	468.84	401.265	144.24	77.88	1391.54	91.905	175.395	41.58	2838.88	83.94	171.615	41.97	4673.76	184.995	280.845	93.69
141.5 -16.5 177.27	808.77	1103.43	222.705	199.725	1553.4	102.93	194.13	45.615	3005.25	123.81	210.18	51.99	6286.12	212.505	330.615	109.425
142 -16.5 182.055	611.16	693.615	118.995	129.27	1443.4	106.275	206.76	47.97	2977.08	127.98	232.62	56.7	6118.22	197.91	313.005	105.345
142.5 -16.5 154.02	778.65	1079.68	171.165	193.89	1352.01	116.925	204.495	47.655	3090.09	119.73	189.825	46.635	4732.34	178.41	279.15	90.525
143 -16.5 111.105	476.76	909.885	104.82	159.81	1347.74	92.94	180.12	39.51	2637.32	133.005	226.125	54.105	4865.48	174.795	255.945	88.245
127.5 -17 98.04	567.06	955.635	72.33	168.3	1681.39	92.505	196.785	43.125	2951.18	137.355	237.825	60.045	5477.72	157.155	215.175	76.17
128 -17 99.495	546	635.535	150.465	114.12	1643.36	77.85	178.125	41.85	3820.08	111.93	179.775	48.645	8976.3	126.51	134.625	50.955
128.5 -17 102.84	761.085	1276.44	129.045	230.91	1873.45	84.63	175.275	39.33	3642.55	128.805	217.305	56.01	7263.48	174.33	227.835	79.56
129 -17 418.41	468.69	454.14	104.94	87.975	1745.14	126.87	211.725	49.59	3165.55	134.505	228.69	58.485	6693.78	159.27	222.69	78.285
129.5 -17 519.075	374.19	362.31	115.335	71.25	1776.9	126.72	205.71	48.435	3590.34	136.125	232.92	60.66	6677.78	181.95	262.86	89.37
130 -17 243.27	519.615	594.09	191.49	112.335	1713.01	115.8	200.355	47.04	3629.88	124.485	216.825	55.575	7156.92	192.825	287.235	97.125
130.5 -17 285.375	444.825	272.715	169.59	54.63	1620.98	96.015	156.585	37.59	3073.35	114.345	175.17	45.42	5355.28	186.39	288.48	97.035
131 -17 620.265	247.32	236.94	92.145	47.955	1626.49	115.83	160.155	38.505	3077.82	126.81	185.01	48.915	5322.7	173.235	247.74	85.935
131.5 -17 547.815	262.035	150.435	91.935	31.035	1752.01	113.22	163.5	39.555	3652.42	128.01	191.265	50.82	5656.48	179.34	271.53	93.12
132 -17 562.485	279.18	171.18	82.485	35.1	1715.94	121.605	177.315	42.63	3818.33	127.77	201.36	53.265	5523.56	142.02	174.045	64.365
132.5 -17 545.565	354.75	113.295	96.855	23.64	1990.89	99.66	131.34	32.13	3278.62	124.08	190.35	50.385	6023.65	192.645	288.915	97.92
133 -17 416.58	266.355	116.37	89.43	24.18	1782.81	95.07	124.185	30.435	3365.45	130.905	180.225	47.835	6902.81	164.385	254.565	87.855
133.5 -17 229.17	205.05	82.77	59.73	17.37	1549.07	92.1	147.33	35.235	3295.26	99.12	190.23	48.72	6717.51	176.64	289.8	99.015
134 -17 528.615	282.105	87.405	55.05	18.375	1639.15	90.885	140.835	34.38	2188.39	101.925	184.635	45.45	4650.61	183.96	283.935	96.6
134.5 -17 562.11	210.87	108.315	73.11	22.53	1894.05	92.535	150.39	36.555	3964.29	111.675	181.215	48.27	8009.58	136.335	168.93	61.275
135 -17 495.36	251.145	118.695	59.055	24.69	1796.26	72.03	110.025	27.21	2069.4	107.355	165.825	44.43	4681.48	146.475	184.23	67.365
135.5 -17 674.85	238.455	148.665	57.72	30.705	1909.11	70.71	106.74	26.37	2152.1	98.025	164.34	44.025	5009.6	182.22	295.065	99.735
136 -17 222.33	178.725	91.98	46.95	19.275	1869.01	76.215	108.315	26.73	3977.68	106.935	189.345	50.13	5761.92	154.275	193.515	70.11
136.5 -17 462.675	203.01	88.68	79.38	18.615	1632.81	93.345	155.625	37.425	3616.07	111.63	208.395	53.385	6340.14	130.74	174.255	63.975
137 -17 493.95	197.82	103.8	49.695	21.675	1712.65	89.64	148.53	35.625	3328.15	105.375	216.015	55.155	6032.01	190.68	262.8	92.025
137.5 -17 563.85	216.72	154.965	68.895	31.995	1711.29	99.78	165.945	39.42	3636.8	97.665	174.78	44.985	5926.12	212.025	304.02	99.855
138 -17 358.575	265.86	259.155	78.645	52.365	1479.07	98.505	161.085	38.73	3186.98	94.965	173.475	43.92	4518.99	149.25	214.245	75.015
138.5 -17 225.42	520.215	597.765	200.46	111.93	1675.07	87.78	161.94	38.865	3464.07	78.51	141.33	35.49	4454.6	138.675	190.305	69.495
139 -17 259.845	502.56	380.19	118.545	75.015	1685.34	76.47	189.765	45.06	3218.8	81.78	200.7	50.175	5204.46	183.255	302.25	100.815
139.5 -17 339.135	329.205	577.875	65.01	103.71	1511.95	89.325	181.74	42.225	3221.46	93.51	182.865	46.68	4664.82	184.89	296.835	97.125
140 -17 121.65	552.6	847.5	122.19	151.89	1522.28	65.58	162.645	37.065	2602.74	90.465	185.475	46.05	4945.17	182.46	282.39	94.8
140.5 -17 125.805	656.475	1020.57	150.675	185.28	1488.93	74.34	176.76	40.32	2873.48	80.37	163.44	39.12	4543.42	174.12	262.95	90.765
141 -17 137.865	631.785	1118.95	160.095	199.185	1461.33	72.255	176.655	40.62	2757.27	86.355	188.31	45.225	3969.93	182.97	272.76	86.01
141.5 -17 116.685	598.695	681.45	178.995	119.58	1741.41	64.125	151.425	34.605	3356.89	84.03	179.61	43.215	4007.73	194.475	299.88	99.81
142 -17 177.12	697.695	811.275	197.55	142.575	1469.44	86.1	172.14	40.38	2173.43	72.015	148.86	35.595	5295	157.23	220.335	77.67
142.5 -17 178.2	601.98	880.515	153.705	158.235	1295.58	114.465	208.455	48.48	3318.09	124.23	214.32	53.55	4848.47	199.785	303.525	99.795
143 -17 100.2	699.84	942.585	91.17	169.755	1424.6	101.34	207.39	44.58	3069.3	133.875	254.28	62.97	5535.26	196.755	308.715	102.615
127.5 -17.5 107.97	537.975	616.41	111.315	106.71	1929	86.73	183.18	41.025	4418.86	128.64	209.37	55.635	7180.35	130.695	149.58	56.325
128 -17.5 108.48	626.22	1214.68	287.1	218.31	1675.14	84.495	195.975	45.585	3112.99	103.935	150.855	41.085	5820.38	145.785	208.695	74.67
128.5 -17.5 324.84	459.36	339.045	242.28	66.81	1626.23	123.555	190.425	45.03	3041.09	130.32	216.795	54.39	5592.19	161.055	229.815	81.57
129 -17.5 492.24	410.385	410.13	90.48	79.785	1596.91	145.845	249.48	57.585	3387.27	133.245	223.515	55.89	5975.02	185.115	260.07	89.85
129.5 -17.5 263.175	690.96	842.355	160.26	154.755	1735.9	114.99	190.035	45.045	3292.24	117.42	187.905	48.675	6561.36	190.29	288.09	97.98
130 -17.5 111.405	637.635	1040.4	210.495	186.735	1897.27	89.52	201.495	46.23	3508.68	123.87	208.245	54.345	5206.52	176.85	262.995	89.64
130.5 -17.5 196.665	483.54	598.395	202.8	112.98	1732.99	97.56	169.095	40.365	3399.27	131.595	234.39	60.39	4670.98	174.765	242.49	83.715
131 -17.5 540.93	318.885	294.705	114.615	58.8	1616.13	127.74	199.2	47.22	3092.05	132.435	224.43	58.05	5960.68	187.305	292.005	99.81
131.5 -17.5 566.625	296.745	267.825	87.87	53.745	1581.49	123.465	203.715	47.94	3346.86	119.64	172.965	46.605	7320.26	157.5	188.61	69.135
132 -17.5 505.305	326.28	249.57	126.57	50.28	1748.22	120.3	183.66	43.83	3196.85	134.97	214.005	54.9	5848.36	201.705	307.785	103.095
132.5 -17.5 623.19	289.995	292.005	76.47	57.885	1565.14	123	199.11	47.4	3297.87	125.895	194.205	51.54	5132.76	172.59	249.825	87.63
133 -17.5 713.715	274.035	105.495	80.1	22.08	1938.24	104.58	171.96	40.95	2332.51	106.8	187.575	50.46	4431.05	148.71	174.765	64.47
133.5 -17.5 437.55	214.395	144.435	59.955	29.895	1886.61	95.025	166.605	39.99	3934.05	94.14	161.925	42.285	6286.76	169.395	251.205	86.175
134 -17.5 396.3	213.885	156.75	71.775	32.28	1569.38	98.355	182.445	43.35	2978.58	101.97	175.56	44.655	6408.7	165.675	241.995	83.94
134.5 -17.5 305.235	303.24	131.55	79.56	27.285	1331.82	87.645	149.1	35.94	3444.81	96.735	146.19	38.865	6962.41	131.985	158.07	59.55
135 -17.5 546.81	298.32	205.725	44.145	42.015	1415.64	66.075	128.265	31.515	2780.14	81.285	95.73	26.895	5208.98	203.04	307.605	104.55
135.5 -17.5 433.635	224.325	222.465	102.855	45.225	1841.87	73.32	111.69	27.57	3728.14	89.235	163.215	43.335	4208.62	146.82	222.255	78.15
136 -17.5 204.78	359.685	351.195	86.28	69.945	2305.92	68.145	179.1	42.84	2863.57	96.66	204.72	48.345	3254.77	131.49	153.09	57.27
136.5 -17.5 335.895	339.93	171.705	86.145	35.19	2155.89	66.075	152.175	36.03	2530.88	99.93	180.42	47.73	4260.23	119.37	137.655	51.84
137 -17.5 406.89	287.76	309.705	94.815	61.815	2208.36	84.54	186.72	43.155	2768.8	88.155	159.615	40.395	5288.51	147.18	244.11	83.04
137.5 -17.5 500.76	227.61	223.905	60.615	45.585	2080.66	84.645	172.785	40.575	3815.48	121.38	188.565	50.55	6332.82	144.24	183.39	66.825
138 -17.5 288.885	458.1	641.655	99.585	118.575	1618.26	71.16	159.33	37.8	3711.67	73.245	138.105	37.41	3851.3	126.705	167.07	61.785
138.5 -17.5 88.275	443.805	718.41	136.875	124.485	1522.92	58.26	146.1	33.765	1665.45	71.67	153.375	39.09	3324.52	174.795	251.715	85.5
139 -17.5 212.22	211.665	414.765	125.715	71.535	1268.46	74.88	134.835	32.46	1925.14	64.32	111.975	27.06	4089.42	96.225	58.44	24.03
139.5 -17.5 381.93	512.085	1005.5	165.525	182.4	1377.66	117.69	199.44	46.545	2627.99	94.455	184.065	47.4	5299.58	200.31	305.7	103.65
140 -17.5 454.08	512.46	1185.21	252.075	212.22	1268.62	105.54	181.41	42.03	2360.68	103.035	204.48	52.365	2925.93	183.495	296.985	96.63
140.5 -17.5 262.635	394.845	471.03	120.54	89.385	1339.49	94.995	216.105	47.145	2821.97	99.705	232.845	57.645	4208.25	176.85	282.27	94.425
141 -17.5 138.63	628.71	964.335	134.22	173.58	1116.94	91.8	173.625	36.24	2756.09	97.515	200.325	48.75	4438.85	167.88	275.895	90.18
141.5 -17.5 133.185	643.995	872.4	215.4	152.97	1244.28	92.76	174.6	39.615	2804.64	88.905	174.945	42.975	4429.34	172.725	256.875	84.915
142 -17.5 127.23	742.875	1081.65	129.96	194.355	1663.88	76.155	184.065	41.085	2978.38	89.52	191.655	48.39	5453.11	190.38	290.835	99.975
142.5 -17.5 135.24	712.68	1109.04	176.7	201.795	1490.12	106.335	198.315	45.165	3355.59	126.645	225.99	55.68	4915.14	197.595	299.7	99.795
143 -17.5 104.88	438.69	669.63	116.955	116.25	1474.62	92.64	184.8	40.89	2668.88	107.025	179.295	42.6	5924.39	195.06	290.985	97.47
127.5 -18 102.945	416.295	755.61	76.17	131.4	2013.29	77.415	175.035	39.795	3432.54	105.39	168.705	45.27	5925.4	204.165	321.72	108.405
128 -18 101.625	759.36	1179.64	350.835	210.66	1926.46	89.025	196.185	44.16	3951.09	126.51	206.865	54.09	5903.86	176.13	246.225	86.835
128.5 -18 511.275	450.03	414.51	117.03	80.94	1851.62	134.16	217.74	50.7	3457.74	129.975	203.76	52.695	4660.23	209.97	320.85	105.885
129 -18 601.89	307.065	337.065	74.865	66.735	1588.62	131.55	219.585	51.135	2972.85	128.385	202.815	52.455	6427.82	188.025	284.07	95.835
129.5 -18 382.455	496.185	735.285	74.58	136.695	1699.68	115.755	196.035	46.17	3161.28	125.145	195.675	51.735	7128.15	158.565	214.935	76.665
130 -18 108.93	797.4	1297.75	197.52	230.715	1388.6	63.75	144.375	32.43	3448.34	94.905	186.21	48.42	4418.73	171.63	281.655	93.63
130.5 -18 236.64	465.51	761.865	122.16	134.58	1758.09	82.785	161.985	38.025	2724.57	93.075	187.605	47.685	5224.32	168.3	247.965	85.11
131 -18 274.17	585.765	889.965	128.655	161.175	1757.18	98.805	168.54	39.72	2645.2	91.62	200.04	51.315	4286.43	190.275	293.475	99.615
131.5 -18 97.08	904.275	1279.08	130.92	227.865	1866.64	62.34	154.395	35.07	3501.33	93.285	216.36	53.535	5404.82	196.23	305.985	103.17
132 -18 102.495	415.95	585.6	219.09	101.685	1276.17	53.415	155.28	35.475	3334.03	86.37	175.44	44.145	4733.6	176.145	269.61	89.205
132.5 -18 117.15	544.74	715.995	280.41	125.805	1822.98	85.515	186.105	43.725	3510.59	116.985	200.025	51.3	5975.31	179.67	256.53	89.31
133 -18 356.775	440.385	766.65	155.655	143.64	1517.76	88.785	141.99	33.96	2826.03	110.43	192.885	50.52	5376.56	146.355	208.035	74.49
133.5 -18 416.655	412.875	301.635	93.855	59.895	1754.82	86.655	171.45	40.605	3454.73	84.99	152.61	39.225	6250.18	203.67	314.205	105.54
134 -18 494.565	306.015	466.68	114.045	90.165	1725.48	95.1	186.81	43.89	3729.03	103.905	182.625	48.72	6335.59	179.22	264.54	91.23
134.5 -18 277.215	445.005	447.915	132.705	87.285	1633.59	86.1	159.915	37.56	3519.48	95.52	184.05	48.48	5140.98	183.57	263.79	91.62
135 -18 311.355	615.48	864.015	88.95	157.41	774.855	69.48	163.38	38.7	2463.78	74.94	118.275	32.91	3788.13	200.085	292.965	102.03
135.5 -18 222.915	329.985	508.86	99.09	93.93	1694.58	60.375	133.425	31.335	4461.08	73.035	111.075	30.795	4170.36	121.365	140.895	53.73
136 -18 160.74	484.575	1079.16	137.34	195.225	1894.53	83.67	155.7	35.685	1901.93	98.73	213.225	52.38	4221.75	127.92	150.435	57.24
136.5 -18 181.35	390.645	427.635	159.12	83.175	1693.49	55.875	137.265	31.98	3303.57	94.74	187.965	48.195	6018.14	132.15	192.675	69.255
137 -18 251.4	379.8	193.86	128.625	39.39	1945.35	85.71	164.49	39.24	3538.03	90.975	166.92	42.39	7445.22	171.195	249.66	85.59
137.5 -18 475.02	293.325	239.835	106.26	48.48	1360.34	97.845	190.65	44.235	3628.95	92.805	179.655	46.515	6286.89	147.585	188.205	67.86
138 -18 457.71	286.35	162.255	71.13	33.495	1853.48	83.025	140.235	34.185	3646.78	83.925	123.375	34.26	6503.68	166.83	243.135	85.665
138.5 -18 613.17	267.975	344.73	90.105	68.04	1347.57	82.26	107.505	26.505	3925.44	85.185	136.71	35.385	4877.39	176.595	242.205	85.2
139 -18 280.95	237.6	202.65	66.915	41.49	1043.03	112.065	186.96	44.88	3273.59	93	155.925	36.33	3059.26	239.64	407.685	135.735
139.5 -18 383.235	263.16	593.145	96.57	110.205	1491.93	89.55	169.095	40.44	2539.3	96.12	160.35	41.895	5428.88	167.835	242.655	75.015
140 -18 298.05	544.02	539.82	167.76	96.405	1385.37	113.265	177.42	41.685	3155.27	79.125	141.87	38.415	4952.6	150.435	236.745	79.08
140.5 -18 186.69	431.28	867.285	118.92	152.295	1053.39	87.39	181.83	35.655	2671.2	94.935	200.055	49.95	4236.42	159.165	257.52	84.285
141 -18 160.44	674.97	886.38	161.4	155.13	1261.15	83.25	203.43	41.475	2944.93	95.445	204.36	49.29	4002.4	171.135	256.125	87.045
141.5 -18 138.63	591.855	744.72	177.51	132.915	1397.93	67.725	158.205	35.565	3094.12	90.06	179.49	43.875	4429.22	202.29	322.215	105.48
142 -18 133.89	806.655	984.825	165.495	175.08	1591.59	84.405	168.96	38.295	3312.54	81.585	173.985	43.35	5104.07	191.1	294.795	98.76
142.5 -18 102.6	896.49	1222.11	266.16	220.02	1705.21	92.37	202.08	45.855	3409.48	130.305	234.615	60.15	5456.11	186.15	282.69	94.59
143 -18 108.135	681.75	872.67	159.195	153.45	1449.78	105.36	245.235	53.64	2963.46	112.38	216.96	54.015	6196.08	181.35	273.705	93.285
127.5 -18.5 103.605	566.265	819.27	164.85	143.34	1699.34	84.915	191.76	43.455	3532.61	135.6	238.005	61.335	6477.87	160.215	228.825	79.86
128 -18.5 302.52	371.79	458.625	238.71	88.845	1956.45	124.365	214.965	49.77	3849.49	126.795	210.03	53.25	5422.27	184.35	266.115	91.035
128.5 -18.5 281.61	466.305	427.92	108.825	83.58	1817.91	77.67	147.36	35.385	3415.47	82.875	163.02	41.16	4815.59	186.24	267.09	91.965
129 -18.5 401.745	385.86	369.855	91.305	72.615	1604.52	94.35	181.215	42.315	3159.27	101.835	216.405	55.62	6617.3	150.615	212.055	75.825
129.5 -18.5 369.9	509.46	395.625	115.35	76.515	1576.7	100.17	188.115	43.95	2631.49	88.515	178.095	45.33	6396.38	182.955	255.09	87.81
130 -18.5 98.385	671.88	947.67	317.55	169.755	1729.27	55.575	143.835	32.85	3308.51	78.57	155.46	39.015	5422.07	206.895	318.93	102.72
130.5 -18.5 190.035	654.135	860.415	151.755	155.19	1633.71	105.105	211.845	48.39	3395.77	97.14	193.305	48.525	6251.7	149.985	202.11	72.51
131 -18.5 306.54	518.625	738.66	105.51	136.755	1741.2	90.45	191.055	44.91	2781.9	95.43	178.005	44.835	4464.57	190.935	294.045	100.665
131.5 -18.5 250.065	434.46	732.405	95.43	129.195	1647.91	81.645	155.985	36.555	3365.3	99.645	206.535	49.905	5203.22	184.65	266.01	89.97
132 -18.5 103.2	315.15	412.635	145.11	71.265	1939.68	59.61	163.29	36.165	2876.65	91.08	200.805	48.975	7407.99	174.555	260.16	88.29
132.5 -18.5 148.815	501.18	647.805	105.96	112.41	1610.43	76.47	157.83	36.165	3456.2	93.915	197.775	49.53	4871.34	195.675	290.115	97.485
133 -18.5 95.835	501.36	867.99	176.73	152.7	2032.43	57.495	154.155	35.46	4330.38	100.575	178.845	45.81	5435.06	200.49	305.61	100.545
133.5 -18.5 346.725	534.705	629.67	99.72	116.805	1887.95	77.055	167.445	39.495	3452.79	103.95	179.34	47.37	5130.05	167.1	235.365	82.71
134 -18.5 263.07	588.09	517.65	153.69	98.805	1903.15	80.64	130.065	31.695	4807.42	99.135	180.885	48.675	7941.15	188.88	269.55	94.47
134.5 -18.5 276.765	542.445	721.68	110.52	132.495	2041.65	73.695	119.325	29.07	2587.83	109.14	205.515	53.19	6401.66	173.61	229.29	80.385
135 -18.5 189.705	545.295	691.455	59.565	120.555	2174.02	66.51	132.03	31.83	2092.86	104.43	191.265	50.46	3881.1	140.1	170.52	62.535
135.5 -18.5 189.66	389.1	499.695	103.38	91.14	2113.32	61.425	153.24	35.79	2904.51	99.03	195.525	51.57	5947.85	104.97	103.41	40.605
136 -18.5 370.275	298.335	488.055	91.845	93	1833.35	76.785	170.01	40.14	2537.62	96.765	171.165	45.57	3278.07	143.475	197.355	70.71
136.5 -18.5 485.265	307.53	343.59	95.37	67.875	1830.11	86.91	152.205	36.3	3532.61	97.08	152.235	41.55	4160.16	161.655	222.315	79.155
137 -18.5 457.275	271.395	237.39	75.135	47.625	1610.65	79.8	190.11	44.97	4368.81	101.25	188.115	49.02	5998.58	174.51	239.07	83.79
137.5 -18.5 601.89	256.635	193.92	65.01	39.48	1699.44	86.04	146.445	35.535	3563.91	95.355	151.5	40.815	5528.88	176.025	245.775	85.2
138 -18.5 657.15	170.13	201.81	52.155	41.055	1120.23	91.785	147.18	35.58	2954.93	81	132.78	36.48	3944.64	111.27	97.98	38.415
138.5 -18.5 860.94	204.18	138.675	56.55	28.68	1517.09	104.88	187.035	44.715	3494.79	110.205	180.99	48.21	4365.05	121.095	113.985	43.815
139 -18.5 489.09	143.58	175.08	34.425	35.835	846.225	71.52	159.93	34.905	1732.51	154.83	252.75	63.3	2239.83	112.755	65.7	26.685
139.5 -18.5 247.965	518.175	642.195	120	122.4	1539.29	80.655	168.63	39.555	3166.56	101.355	179.595	46.11	4937.55	193.38	280.545	96.555
140 -18.5 210.87	542.505	755.865	121.215	134.625	1499.7	74.67	124.815	30.315	2781.86	78.66	138.675	37.755	6489.14	138.285	187.575	68.775
140.5 -18.5 105.24	316.065	174.78	103.71	30.435	1429.53	73.74	157.26	33.18	3306.87	73.545	188.235	46.155	3173.67	187.065	294.855	94.425
141 -18.5 115.035	367.875	436.335	165.315	75.435	1757.07	73.965	160.605	34.605	2932.18	102.945	206.625	51.915	3944.7	170.91	255.315	89.985
141.5 -18.5 155.1	676.035	903.24	129.18	164.955	1765.56	76.8	153.81	34.935	2631.84	94.53	225.675	55.515	4266.69	149.34	236.565	83.385
142 -18.5 128.22	427.155	800.79	165.135	148.365	1299.35	56.22	146.76	32.415	3042.01	78.405	156.81	39.75	6827.27	127.005	188.61	68.61
142.5 -18.5 103.965	416.37	691.815	147.375	119.775	1450	82.26	189.075	43.305	3619.9	124.785	214.56	54.36	6580.52	185.265	276.06	93.51
143 -18.5 101.31	451.86	627.3	120.72	108.915	1830.35	88.605	190.365	42.12	3253.32	146.925	254.715	63.945	7637.28	166.215	223.62	79.59
127.5 -19 102.795	607.38	941.295	155.535	165.555	1904.14	88.065	203.04	44.64	3548.43	133.065	232.23	56.76	6877.08	202.395	310.455	103.425
128 -19 105.24	658.575	999.12	216.66	177.39	1593.2	87.78	185.13	41.34	3915.27	117.42	215.04	53.4	5548.97	173.235	250.05	85.215
128.5 -19 107.535	593.58	870.285	185.355	159.195	1374.96	61.89	147.6	33	3856.76	82.755	177.945	46.695	4889.55	189.48	281.79	93.96
129 -19 101.115	749.595	1126.53	248.25	201.525	1779.32	65.865	153.15	34.68	3581.22	89.805	220.485	54.915	5299.01	170.025	262.155	88.095
129.5 -19 124.005	707.985	1007.09	109.56	179.16	1762.41	66.465	142.425	32.76	3126.38	88.845	195.66	48.705	6655.71	187.785	296.19	100.65
130 -19 96.315	520.35	1122.5	117.96	200.415	1556.2	55.32	137.325	30.675	4008.09	83.895	167.445	41.865	5546.94	203.28	306.195	103.245
130.5 -19 127.89	520.86	625.35	106.545	116.49	1668.38	59.505	146.625	33.63	3119.88	86.19	155.175	37.68	5010.61	173.115	232.755	80.49
131 -19 143.925	392.58	396.525	176.265	77.73	1785.29	69.48	142.71	34.65	2828.99	80.22	160.785	37.275	4654.89	191.79	279.51	92.625
131.5 -19 275.46	568.41	579.855	77.745	110.7	1573.07	77.58	158.01	36.435	2941.8	87.465	175.92	42.045	5061	159	252.72	86.73
132 -19 130.305	380.685	671.985	142.995	124.425	1506.48	61.41	135.06	31.68	3178.71	81.315	147.78	35.67	4124.81	169.815	267.36	90.69
132.5 -19 236.325	393.03	547.935	115.515	98.97	1548.24	82.53	152.43	35.91	2727.55	84.3	155.55	37.98	4491.57	175.995	265.14	83.64
133 -19 156.18	430.11	844.89	108.99	148.02	2001.4	69.96	135.435	31.515	2772.13	99.33	190.905	46.41	4703.65	156.465	210.495	75.105
133.5 -19 109.185	442.755	720.78	149.4	132.825	1609.29	65.535	177.105	38.73	3935.48	71.835	157.875	39.66	4209.3	149.61	237.825	83.52
134 -19 94.71	515.115	686.4	110.445	118.725	1664.82	46.62	133.23	30.69	3830.58	84.03	163.74	40.095	4312.32	169.905	236.745	82.98
134.5 -19 113.43	340.515	725.925	116.385	126.315	1841.84	56.745	124.875	29.265	3000.63	86.625	162.48	39.33	4805.14	134.805	165.225	61.185
135 -19 169.365	452.4	840.42	120.855	149.16	1700.24	69.15	168.3	39.12	2596.61	84.015	160.245	42.84	2734.83	127.065	139.2	52.365
135.5 -19 439.155	271.245	377.175	84.96	74.325	1985.02	89.745	191.22	43.185	2745.05	84.3	135.15	37.155	4216.99	124.185	157.695	59.895
136 -19 683.07	228.465	265.695	72.24	52.86	1743.42	83.595	170.76	38.895	2258.32	113.955	215.4	56.79	4159.31	137.31	120.375	46.8
136.5 -19 447.105	483.09	157.47	94.41	32.52	2121.18	77.52	163.26	38.34	3622.99	96.825	182.775	46.44	5615.67	151.14	201.585	71.88
137 -19 944.31	218.16	217.95	63.735	44.445	1135.66	105.915	224.835	52.185	2333.12	94.665	152.565	41.49	3131.97	147.405	205.89	73.815
137.5 -19 841.515	252.15	135.525	57.765	28.05	1673.89	252.15	106.53	26.355	3447.3	109.47	176.73	47.055	5000.76	168.6	224.85	79.275
138 -19 396.495	377.07	178.815	90.405	36.555	1557.68	98.94	202.365	46.68	2474.37	112.845	173.34	46.635	4142.48	165.945	236.91	78.63
138.5 -19 385.89	236.22	187.515	50.415	38.4	1621.15	88.245	177.36	39.225	2139.72	115.2	187.695	49.74	5340.93	150.93	208.8	74.415
139 -19 437.04	277.92	129.555	68.475	26.94	1522.04	79.8	131.37	31.17	1743.95	95.28	172.575	41.25	4450.08	116.22	132.555	50.865
139.5 -19 99.18	641.325	946.515	153.09	172.725	1496.55	53.07	130.365	29.085	3075.32	83.535	164.655	42.09	4694.09	122.685	162.96	60.765
140 -19 207.255	734.67	781.335	57.72	144.33	1765.34	90.765	154.41	37.11	3052.73	83.115	144.615	37.05	5453.86	113.685	131.355	50.1
140.5 -19 150.825	379.215	369.51	255.54	63.945	1316.84	97.905	201.975	44.565	3576.73	84.66	193.32	51.39	6186.51	184.335	295.005	100.935
141 -19 218.985	317.655	511.32	134.865	88.68	1386.3	85.935	135.78	32.73	2850.88	87.495	193.44	47.94	5489.04	144.84	214.875	76.275
141.5 -19 168.48	890.01	1271	145.005	229.05	1668.18	80.565	174.735	40.44	2841.55	78.21	157.5	38.07	5075.61	153.825	212.19	75.825
142 -19 128.625	678.72	940.86	84.555	168.195	1778.25	72.12	169.59	38.535	2718.4	91.62	206.46	50.43	5469.7	202.86	331.56	106.905
142.5 -19 99.495	804.75	1227.97	150.06	219.9	1545.54	67.815	176.115	39.735	3309.03	92.82	218.97	55.05	4872.57	158.595	223.02	73.47
143 -19 118.62	486.315	761.28	159.585	132.63	1742.36	87.78	195.3	43.89	3108.14	135.18	246.495	62.505	4432.05	148.155	203.97	73.215
127.5 -19.5 568.89	412.62	586.41	84.225	110.76	1711.45	129.06	220.83	51.105	2972.28	127.47	211.47	54.18	5804.37	190.215	283.485	96.18
128 -19.5 192.75	667.125	834.51	83.19	145.2	1954.53	73.005	146.985	34.035	2803.38	95.235	200.445	51.42	6182.4	189.63	276.285	95.01
128.5 -19.5 110.28	407.07	615.255	120.345	106.56	2006.99	53.88	141.45	32.79	3431.31	88.125	173.325	43.605	3560.61	190.635	281.88	92.955
129 -19.5 104.1	550.92	900.615	297.36	161.925	1407.75	53.97	144.54	32.67	3071.12	72.69	155.58	41.385	4632.9	159.795	246.885	86.955
129.5 -19.5 139.755	728.19	792.555	149.52	146.67	1616.3	82.995	175.035	41.385	3583.01	82.095	172.335	43.155	5974.11	121.86	127.755	49.455
130 -19.5 94.56	587.565	987.345	150.555	174.66	1911.81	57.27	141.645	33.03	3386.85	95.715	192.675	46.635	6706.74	164.73	277.86	95.19
130.5 -19.5 95.46	298.92	548.04	117.525	104.505	1705.08	45.03	151.71	34.455	2868.88	74.985	140.22	34.875	4313.64	149.01	227.505	78.645
131 -19.5 196.56	398.775	860.025	166.02	156	1197.24	94.005	172.845	40.185	3476.28	67.605	129.75	29.16	6412.55	143.355	209.145	73.605
131.5 -19.5 231.765	369.765	304.635	82.65	57.405	1411.86	53.76	127.965	28.785	1800.16	78.9	142.215	34.41	2214.88	154.68	212.76	72.195
132 -19.5 182.385	352.005	341.865	139.425	67.62	1706.09	58.2	146.385	34.335	1331.52	72.285	124.125	30.345	2468.57	108.135	99.3	38.61
132.5 -19.5 392.355	287.34	357.69	92.235	69.825	1554.32	77.01	161.205	37.065	2263.95	86.4	154.875	39.405	2474.51	121.38	133.875	49.62
133 -19.5 448.38	288.135	363.75	104.85	71.79	1420.79	85.995	176.49	40.935	2994.26	83.055	155.43	39.345	4441.55	123.705	173.535	62.805
133.5 -19.5 231.495	431.04	601.71	90.795	113.07	2142.32	64.545	151.74	34.245	3570.59	108.54	186.36	49.23	5034.87	126.555	120.735	46.425
134 -19.5 114.975	708.495	1047.74	118.29	191.64	2045.55	54.675	129.93	29.505	1986.15	81.69	173.4	42.225	2371.85	127.455	202.875	72.75
134.5 -19.5 88.17	446.91	468.12	308.49	88.89	1759.14	43.77	127.395	29.19	2503.63	76.23	144.615	35.115	3420.2	134.25	185.385	67.815
135 -19.5 147.585	434.01	652.95	230.67	122.685	974.49	51.015	143.34	32.4	3678.09	70.53	162.465	41.04	3899.09	147.675	210.075	73.23
135.5 -19.5 282.435	407.805	354.015	120.585	70.17	1708.49	81.87	216.045	49.065	3541.15	81.03	192.615	50.67	4190.84	125.46	152.55	57.105
136 -19.5 315.375	492.42	686.79	105.87	126.81	1775.31	82.605	145.245	34.515	3705.57	88.98	170.91	44.235	5553.24	155.85	229.425	82.335
136.5 -19.5 168.72	368.865	660.165	129.195	124.38	1908.57	54.315	138.225	32.52	3681.47	76.92	143.97	35.1	4026.69	134.175	158.34	59.28
137 -19.5 673.275	195.525	231.915	64.17	46.92	1723.37	90.6	202.83	47.55	3612.75	99.075	163.245	44.01	5029.17	133.305	160.56	59.865
137.5 -19.5 850.335	164.565	177.465	46.905	36.375	1586.38	86.67	160.155	38.475	2857.08	91.41	123.615	34.365	3139.34	123.645	164.505	61.845
138 -19.5 384.645	377.055	236.925	87.63	48.36	1041.01	103.545	206.88	46.815	2155.7	93	148.56	40.44	3098.61	153.075	200.385	71.955
138.5 -19.5 765.495	316.5	305.4	67.71	60.96	1356.43	110.61	193.59	46.05	3126.66	97.77	154.11	41.685	5398.1	159.87	250.56	86.67
139 -19.5 359.745	195.66	168.03	43.83	34.5	1909.29	80.685	101.655	25.215	3000.26	70.305	128.94	33.795	6382.83	194.97	282.855	96.99
139.5 -19.5 76.545	776.07	1009.49	142.095	182.775	1390.15	66.135	150.84	35.85	1711.3	82.665	163.935	37.725	2503.88	124.2	161.205	59.73
140 -19.5 104.52	369.03	521.19	76.14	90.06	1842.95	44.625	140.745	32.205	3072.39	95.025	172.98	44.565	6061.17	159.39	223.32	79.935
140.5 -19.5 126.885	415.98	451.47	279	77.985	1489.12	78.465	182.46	39.9	3138.86	108.96	205.095	53.955	4822.35	131.7	166.605	60.345
141 -19.5 205.515	412.98	808.68	223.05	140.865	1728.93	79.905	153.96	35.055	3107.48	103.245	186.525	48.405	5372.2	202.05	307.425	104.04
141.5 -19.5 171.72	476.175	579.27	180.75	100.29	1630.98	95.28	165.48	37.845	3145.88	94.545	188.88	46.05	4354.82	176.475	263.085	91.47
142 -19.5 115.08	562.41	656.85	265.11	118.635	1200.15	57.6	175.965	39.87	3347.7	78.405	210.93	52.905	5235.3	135.21	186.03	68.685
142.5 -19.5 103.395	516.585	781.275	108.21	141.105	1632.35	49.755	165.6	37.365	3493.44	84.78	171.48	44.04	6346.71	156.315	247.665	86.085
143 -19.5 163.77	623.925	809.925	128.04	140.67	1728.55	93.255	180.21	41.34	3762.86	125.685	211.47	53.805	6000.7	182.175	284.52	95.745
127.5 -20 710.835	283.05	430.605	54.12	83.025	1388.89	142.665	224.79	52.26	2654.93	144.795	233.34	59.25	5638.29	186.6	278.985	90.96
128 -20 389.565	459.765	632.745	100.815	119.64	1577.41	96.72	183.345	42.84	3568.93	89.67	197.595	49.755	5925.02	151.11	212.955	76.8
128.5 -20 100.905	572.49	947.025	234	165.75	1438.61	54.885	143.205	32.895	3499.5	77.91	157.935	39.615	5323.52	213.3	316.215	105.33
129 -20 92.805	551.52	968.505	120.84	169.86	1648.56	47.49	137.91	31.365	3284.41	77.67	169.44	44.58	6022.99	125.34	162	60.36
129.5 -20 107.025	462.705	985.155	136.68	174.915	1519.86	52.635	148.545	34.365	2693.61	75.285	175.335	44.745	4358.98	176.13	270.615	93.285
130 -20 96	427.095	596.73	118.2	104.31	1692.13	46.815	122.49	28.515	3428.2	84.81	175.83	43.23	4587.21	158.7	236.535	82.485
130.5 -20 108.54	635.775	788.205	111.78	144.24	1772.74	48.945	151.56	34.785	4049.49	81.54	165.42	42.435	8003.2	127.71	173.355	64.44
131 -20 258.6	340.29	495.63	86.565	95.595	1675.32	80.04	163.365	37.59	2264.91	68.025	135.66	30.99	3755.6	164.115	250.395	84.66
131.5 -20 390.3	334.89	401.22	121.92	78.465	1696.26	77.85	146.295	32.235	2536.41	87.375	123.915	31.11	4957.82	141.675	227.745	78.24
132 -20 271.41	362.16	369.975	131.16	71.28	1905.72	84.615	179.775	39.465	2033.38	81.12	134.94	31.695	4360.55	147.96	170.595	64.08
132.5 -20 252.195	400.29	354.54	158.04	70.02	1085.71	79.47	137.61	32.61	3340.44	87.855	168.495	38.31	5746.64	130.335	116.805	44.475
133 -20 297.87	352.095	366.06	88.755	72.12	2091.88	67.5	137.745	32.88	3298.47	87.39	171.495	42.69	3427.22	149.595	184.56	67.215
133.5 -20 155.79	234.66	341.04	90.72	67.125	1663.7	43.995	145.095	33.915	2955.4	70.29	126.555	32.43	3690	123.69	121.425	46.98
134 -20 70.98	759.15	1215.18	206.34	219.135	1894.35	49.14	138.72	31.77	2551.49	79.23	156.84	38.505	3160.22	114.96	123.96	46.545
134.5 -20 101.985	283.905	639.54	77.775	114.27	1520.49	43.08	145.065	32.265	3498.12	78.525	91.785	25.875	4908.89	146.055	115.065	44.055
135 -20 105.195	541.5	785.955	259.395	140.595	2385.16	48.96	136.83	31.665	3719.41	84.045	159.825	40.89	3748.83	128.28	171.075	62.31
135.5 -20 60.93	413.31	736.485	84.435	129.69	1427.97	37.095	125.22	29.76	4018.99	70.935	147.03	36.975	4032.57	174.135	305.76	100.14
136 -20 101.76	559.5	885.855	97.665	156.585	1895.57	51.06	147.945	34.14	2424.93	79.65	159.135	40.23	4397.34	122.085	152.55	57.285
136.5 -20 101.28	474	296.025	333.96	58.77	2072.93	39.135	123.045	28.575	3672.08	86.415	145.35	36.18	4739.79	130.59	161.52	59.82
137 -20 515.22	297.855	313.245	91.71	62.73	1498.47	79.08	165.885	39.18	3961.12	98.025	184.98	48.735	4005.39	125.67	149.7	56.295
137.5 -20 1031.99	227.655	180.195	68.34	37.11	1853.3	106.2	201.45	47.43	3508.39	85.53	155.04	42.135	5087.28	134.835	194.805	70.32
138 -20 518.1	241.875	249.66	51.645	50.085	1884.7	102.36	207.15	48.975	3121.65	105.15	175.635	46.86	4419.14	145.17	194.955	70.275
138.5 -20 676.5	178.32	165.3	49.65	34.065	1455.05	87.27	161.85	38.955	2333.67	84.285	113.505	31.545	3403.68	139.275	218.025	76.485
139 -20 750.255	139.14	117.705	28.305	24.525	1660.5	74.205	60.165	15.21	2411.93	79.395	125.04	34.71	7449.45	144.795	235.02	84.495
139.5 -20 102.015	480.81	827.325	182.145	152.79	1847.49	49.23	140.565	33.84	3011.12	73.47	135.195	34.395	3420.42	146.01	211.38	75.765
140 -20 129.225	436.53	448.38	139.86	86.475	2307.54	53.94	115.725	28.47	2499.43	82.845	147.285	39.795	4576.03	132.24	142.335	53.745
140.5 -20 176.085	500.205	507.54	102.15	90.135	1386.7	59.145	144.945	35.1	2363.05	66.525	106.35	29.715	4971.43	108.765	176.58	65.385
141 -20 182.325	550.89	1029.32	94.89	183.57	1529.5	79.125	162.555	37.98	3623.97	114.105	186.795	49.905	5803.15	157.215	203.745	72.27
141.5 -20 180.09	516.795	781.005	128.4	136.035	1663.65	78.375	171.555	38.55	4077.75	92.895	195.645	51.45	7203.7	163.95	211.035	75.78
142 -20 103.275	566.34	880.98	124.35	157.305	2236.41	57.06	138.615	32.205	2048.99	106.005	227.07	57	5655.98	120.6	142.44	53.97
142.5 -20 143.265	621.675	748.26	187.275	132.15	1748.79	71.415	152.895	35.91	3302.19	86.73	169.275	42.945	5878.61	161.7	239.4	83.865
143 -20 225.075	547.86	1124.58	164.835	202.92	2347.88	99.78	182.235	42.015	3694.85	130.47	205.92	52.995	5264.67	194.73	288.72	98.73
127.5 -20.5 687.12	277.185	374.85	60.675	73.23	1443.8	138.465	236.28	55.35	2913.3	133.005	217.185	55.62	7072.74	176.385	268.425	91.17
128 -20.5 544.56	303.105	403.425	65.595	78.87	1487.1	113.16	199.545	46.605	2412.96	87.51	164.04	42.03	4279.68	190.305	267.315	84.48
128.5 -20.5 134.085	466.26	436.71	101.88	84.51	1422.45	66.615	138.09	32.745	3790.61	94.29	201.45	49.695	4324.61	140.505	197.31	70.665
129 -20.5 251.37	323.655	583.275	112.185	111.69	1768.21	73.575	150.12	35.445	4176.89	89.145	204.495	50.145	5239.07	172.995	288.12	94.035
129.5 -20.5 94.365	415.155	570.315	235.605	107.49	1644	56.16	147.72	32.67	3871.32	77.925	177.945	44.925	6614.07	158.64	248.85	86.37
130 -20.5 107.55	494.55	834.9	158.25	146.745	2035.83	51.555	132.39	30.135	3868.2	84.315	169.65	41.67	4742.33	169.005	281.205	96.81
130.5 -20.5 85.065	534.69	1018.59	179.16	187.26	1713.05	45.615	136.695	31.965	3349.48	78.555	168.51	42.15	5814.21	146.85	211.515	75.75
131 -20.5 103.26	446.1	1040.01	124.305	188.04	1735.07	55.89	130.095	30.21	3299.76	75.75	157.65	38.82	4913.76	164.355	265.965	85.275
131.5 -20.5 86.385	576.24	1094.97	161.73	197.1	1884.49	50.64	128.43	29.175	3378.51	76.485	179.07	43.395	2889.07	147.48	254.895	86.595
132 -20.5 293.175	340.125	525.435	79.425	99.465	1586.1	66.78	150.795	33.225	3277.68	101.85	191.34	47.895	5832.32	154.14	222.075	77.01
132.5 -20.5 358.62	279.885	387.54	77.955	75.69	1902.38	72.75	158.745	36.525	3741.42	103.365	176.31	46.875	3933.95	131.19	209.745	76.035
133 -20.5 443.535	336.105	308.4	67.905	61.38	1530.25	77.445	149.67	34.935	3386.49	73.29	137.985	36.12	3749.37	139.425	179.52	64.965
133.5 -20.5 432.675	334.095	340.905	104.295	67.665	1972.53	81.09	183.12	40.95	3217.15	101.925	182.325	47.91	7702.93	118.215	153.795	57.87
134 -20.5 176.82	623.37	691.05	113.76	127.065	1745.68	66.015	144.27	33.045	2657.02	88.935	178.455	43.935	4449.6	135.135	172.59	62.67
134.5 -20.5 89.94	546.285	840.915	150.405	152.985	1321.63	44.025	132.885	30.87	3751.34	75.885	151.185	37.02	5237.57	145.08	229.665	81.3
135 -20.5 72.63	617.7	804.36	220.35	145.695	2338.41	40.11	139.59	32.175	4139.4	92.52	143.25	38.49	6903.26	119.085	143.925	54.36
135.5 -20.5 117.69	576.21	734.655	225.87	136.89	1775.26	44.49	139.995	32.25	2618.76	86.82	168.09	41.175	3814.98	143.925	220.86	77.16
136 -20.5 99.21	482.505	894.24	213.855	157.32	1813.07	50.13	120.945	27.345	3613.8	74.355	170.55	42	4622.52	156.87	241.17	84.48
136.5 -20.5 70.32	472.47	645.27	36.66	111.51	1168.68	43.53	128.52	30.615	2030.55	61.485	147	35.625	2895.06	122.415	164.31	61.71
137 -20.5 168.255	606.72	454.605	315	88.995	1670.36	62.82	140.025	33.15	3503.94	98.91	201.015	49.215	5092.36	124.845	163.26	60.24
137.5 -20.5 465.315	269.715	377.55	73.65	73.62	1624.55	81.96	171.9	40.65	3159.89	101.565	147.42	39.945	6529.66	154.29	192.36	68.58
138 -20.5 640.275	221.805	251.79	71.325	50.625	1657.77	100.635	185.61	43.155	2973.26	94.17	163.725	44.19	5473.65	170.055	237.63	83.73
138.5 -20.5 396.93	184.47	135.93	52.05	28.17	2063.77	69.945	137.37	33.45	3493.15	77.145	134.325	35.655	3421.11	146.055	201.96	72.72
139 -20.5 282.84	297.45	213.525	89.175	43.26	1517.55	63.105	99.39	24.69	3146.4	67.245	133.905	35.835	4644.98	115.485	109.74	42.675
139.5 -20.5 93.93	463.515	393.48	83.43	76.2	1043.94	37.29	87.615	21.825	5515.59	73.11	88.38	24.81	5270.58	184.965	237.84	83.535
140 -20.5 111.195	560.82	493.395	112.86	95.04	869.73	47.31	90.825	22.62	2042.12	96.315	160.485	42.495	3253.83	95.13	99.165	39.15
140.5 -20.5 95.505	398.145	683.145	95.37	118.575	2017.61	47.925	117.18	28.695	2889.55	65.49	133.17	34.29	3231.27	115.83	120.69	46.41
141 -20.5 122.46	364.2	608.16	186.3	107.28	1558.38	45.96	120.45	27.78	2183.48	95.805	176.49	46.62	2558.53	142.365	145.785	54.24
141.5 -20.5 127.89	836.055	1282.2	208.665	229.89	1937.41	76.05	171.93	39.585	5053.8	91.365	162.135	43.935	7276.09	168.735	232.575	82.725
142 -20.5 150.315	568.665	937.23	170.58	172.455	2058.15	58.245	136.815	31.275	1789.26	89.55	179.91	46.29	3669.93	120.12	139.02	52.935
142.5 -20.5 177.96	587.64	896.13	108.06	156.735	2310.88	69.705	155.94	36.645	3694.85	97.395	181.425	46.785	7203.59	178.35	261.075	90.075
143 -20.5 353.325	513.45	615.09	141.54	115.305	1892.26	126.465	206.13	48.06	3414.72	130.965	224.43	57.78	4031.51	170.97	221.13	77.73
127.5 -21 745.365	298.545	413.64	74.625	80.955	1367.82	158.445	257.52	58.905	2741.28	143.325	237.195	59.175	4177.05	184.485	278.43	89.205
128 -21 654.375	280.62	255.42	85.935	51.135	1834.01	99.345	194.34	45.84	2804.94	98.895	173.88	44.715	7046.11	177.96	272.175	88.47
128.5 -21 325.515	468.135	540.585	136.65	104.16	1575.81	114.825	206.64	47.85	3565.99	102.9	204.3	51.555	6469.98	155.85	208.59	75.705
129 -21 790.86	259.89	326.4	77.43	64.965	908.025	86.085	159.06	37.98	3505.93	91.005	157.155	42.285	7564.95	119.385	134.37	50.535
129.5 -21 213.825	576.78	838.005	79.365	149.265	1325.97	89.925	149.85	35.235	2334.35	78.705	168.615	40.845	6086.4	175.695	265.275	89.055
130 -21 109.995	547.65	519.42	145.98	98.64	2295.91	43.005	127.47	29.61	2570.65	88.485	163.755	42	4743.66	133.41	192.255	67.695
130.5 -21 89.925	462.96	761.91	186.18	140.25	1887.09	47.265	145.215	34.38	4174.08	75.015	154.56	41.58	5963.94	143.115	195.63	70.83
131 -21 89.25	545.07	620.325	110.88	107.16	1206.9	50.385	123.09	30.15	4179.43	87.21	187.875	48.54	6257.61	131.49	193.71	70.515
131.5 -21 94.755	599.46	946.44	107.19	169.935	2129.37	62.625	119.73	29.265	3115.65	96.195	158.145	40.065	5552.51	193.695	247.83	87.405
132 -21 97.755	522.135	876.39	86.46	160.77	1449.82	48.165	97.725	24.105	3945.61	74.865	156.855	40.785	6782.49	148.83	227.475	80.295
132.5 -21 105.405	505.605	704.715	152.97	128.355	1817.38	52.785	108.3	26.88	4304.36	74.49	129.525	34.455	5004.77	140.955	169.455	62.85
133 -21 100.095	504.48	765.105	159.75	140.16	2165.07	49.53	121.26	29.4	4386.63	80.25	144.09	39.54	7457.07	118.74	126.96	48.99
133.5 -21 143.655	443.16	537.945	111.66	101.925	2137.77	50.28	139.665	33.12	3358.32	83.205	154.995	42.015	5459.27	132.135	146.415	55.32
134 -21 201	452.64	904.095	123.975	165.975	1634.88	63.33	152.025	35.685	3072.28	83.01	167.085	43.215	6328.89	121.59	122.4	47.145
134.5 -21 127.635	402.54	727.755	69.63	132.48	1696.95	43.11	135.93	31.56	2622.36	78.615	138.36	34.065	4803.4	122.595	120.69	46.305
135 -21 78.18	684.885	1140.69	124.665	207.3	1988.61	41.73	125.25	29.97	2874.63	76.695	133.68	33.78	2657.22	111.75	161.88	59.745
135.5 -21 103.275	515.88	622.83	220.29	110.46	1557.57	50.925	130.635	30.285	3258.78	75.015	185.25	45.63	4326.67	143.025	217.2	75.345
136 -21 140.94	394.47	619.47	137.55	113.76	1594.34	54.555	145.05	33.03	2111.62	70.38	164.94	42.705	2732.95	120.405	134.805	51.09
136.5 -21 186.69	539.79	852.615	45.51	153.03	1236.3	61.8	128.94	30.405	2620.07	70.62	151.755	38.445	3800.98	128.685	167.595	62.145
137 -21 151.695	404.13	576.435	102.345	110.175	1521.72	61.155	136.575	32.325	3199.11	88.695	157.065	38.49	4211.7	164.895	258.495	86.82
137.5 -21 316.785	453.18	278.19	88.605	55.77	1772.37	77.34	137.37	32.655	2998.05	93.975	159.465	40.425	8087.78	162.165	226.335	79.125
138 -21 383.145	254.34	171.645	89.85	35.265	1874.24	77.25	162.015	38.46	2702.01	73.89	146.1	37.35	3993.3	176.145	281.655	95.985
138.5 -21 316.215	300.42	261.855	75.045	52.68	1259.1	57.51	128.07	31.35	2380.02	71.175	172.245	46.275	3663.54	132.93	187.89	68.805
139 -21 224.775	328.845	369.18	139.755	73.14	1501.05	65.91	137.805	33.525	2960.02	78.495	148.215	38.61	5307.32	124.53	141.33	53.67
139.5 -21 89.82	475.65	667.365	120.96	125.895	1803.55	43.005	126.51	30.78	4057.95	76.185	152.28	40.68	6394.64	131.415	127.455	48.705
140 -21 91.305	936.48	1512.66	151.17	273.42	912.135	71.97	146.865	34.365	1209.96	67.17	115.23	31.725	3320.55	155.505	94.14	36.96
140.5 -21 112.5	331.425	422.325	82.665	74.115	1629.64	44.82	142.29	31.965	1709.3	104.355	188.13	47.385	4195.95	103.23	95.85	37.56
141 -21 93.615	672.165	760.32	71.535	133.83	1332.39	41.37	120.96	27.21	3152.98	87.3	181.605	44.82	3196.66	125.88	116.4	44.925
141.5 -21 131.1	435.6	456.045	220.71	88.335	2008.79	54.39	142.575	32.445	4118.7	100.23	198.27	50.19	5097.8	116.145	113.28	44.085
142 -21 171.45	687.075	738.51	143.775	136.455	1899.36	87.84	215.235	49.32	2961.9	89.415	193.59	50.175	4092.05	168.705	241.335	84.42
142.5 -21 220.47	755.28	798.6	161.61	146.295	1736.49	110.715	193.92	45.405	3610.18	79.125	166.11	41.73	5143.05	155.115	204.42	73.35
143 -21 324.3	585.165	696.855	98.985	128.595	2030.57	126.15	206.43	48	2650.1	116.295	204.24	52.62	5611.27	158.28	215.745	76.095
127.5 -21.5 558.21	308.085	409.38	78.765	79.98	1513.29	139.2	220.725	51.39	3432.08	127.59	196.68	50.925	6014.65	203.535	315.6	106.035
128 -21.5 629.22	228.99	302.73	63.525	60.15	1483.29	96.81	179.49	42.405	3164.19	101.625	181.5	46.38	4547.64	180.09	277.815	93.315
128.5 -21.5 106.785	501.255	771.6	154.875	135.375	1512.64	57.81	149.805	34.605	4394.94	103.815	195.18	51.03	6798.53	170.025	233.52	81.66
129 -21.5 254.67	469.395	348.09	134.985	68.865	1685.26	83.025	150.615	36.555	3095.09	100.395	169.665	45.495	5560.83	149.64	191.55	70.095
129.5 -21.5 94.8	517.305	635.16	200.295	119.85	2101.34	44.07	139.155	33.57	3080.28	81.555	162.855	43.485	5063.1	166.545	268.47	92.985
130 -21.5 88.905	616.89	988.05	138.195	177.315	1807.85	49.47	103.905	25.575	3702.05	71.175	134.07	34.215	5736.7	156.195	221.505	79.41
130.5 -21.5 106.08	563.16	542.22	124.515	102.87	1894.39	47.52	131.43	31.035	4339.52	102.075	180.225	47.73	6183.06	185.205	251.475	88.335
131 -21.5 88.035	730.995	896.88	216.225	163.605	1633.92	59.955	152.895	34.755	3923.62	89.595	192.165	50.25	4799.23	174.195	266.085	92.235
131.5 -21.5 95.52	644.715	1071.06	408.855	190.035	1659.26	66.96	166.5	38.88	3271.73	95.205	190.485	49.92	5155.14	152.55	225.915	78.765
132 -21.5 92.625	414.09	911.445	126.12	161.175	1204.31	46.575	127.32	30.525	3257.04	81.645	144.525	39.375	4387.38	172.155	253.8	88.02
132.5 -21.5 94.17	456.585	669.915	96.195	125.415	1549.5	42.735	122.49	29.7	3260.8	75.135	159.78	43.455	5395.12	176.385	296.58	100.29
133 -21.5 108.045	337.29	827.64	111.87	145.605	1892.13	51.45	105.165	25.995	1560.29	87.18	144.45	38.865	5905.69	108.3	107.565	41.94
133.5 -21.5 101.925	485.28	731.325	240.555	135.57	2279.26	41.445	137.73	32.445	3820.27	79.56	134.76	37.035	6640.52	120.855	109.215	42.585
134 -21.5 90.57	636.345	929.775	143.46	163.44	1960.93	44.265	134.25	32.07	3778.11	81.42	156.675	42.555	7438.17	140.535	178.56	65.925
134.5 -21.5 213.585	503.94	359.265	82.275	70.695	2414.43	53.655	158.745	36.96	2980.65	89.355	187.32	48.57	4342.69	114.015	130.56	50.13
135 -21.5 150.495	447.51	323.805	239.46	64.2	1705.96	52.53	102.72	25.17	2772.12	74.04	129.66	31.08	4297.58	155.55	185.235	67.815
135.5 -21.5 112.59	422.61	475.71	169.455	91.965	1824.03	54.51	161.835	36.81	2866.23	87.03	166.38	41.265	5306.09	151.41	228.855	80.325
136 -21.5 162.285	439.725	519.12	140.37	99.255	1999.65	54.195	148.23	34.77	3929.84	91.41	183.21	47.46	5684.46	130.095	149.835	56.535
136.5 -21.5 189.06	510.09	928.155	107.505	170.115	1387.72	63.465	137.91	33.195	2790.12	70.68	120.135	29.64	5053.65	128.745	150.03	56.715
137 -21.5 280.005	415.815	587.46	108.69	109.05	2044.61	82.62	195.075	43.41	2674.74	84.195	176.235	45.945	5268.06	117.72	124.935	48.36
137.5 -21.5 413.295	314.595	266.64	94.695	53.535	2164.99	79.215	177.39	40.275	2790.9	100.11	151.26	39.24	4844.74	138.585	175.53	64.77
138 -21.5 353.025	309.03	411.135	67.575	80.4	1849.85	71.46	146.505	34.935	3133.59	78.735	146.85	39.48	3412.17	142.425	188.43	68.445
138.5 -21.5 223.965	384.87	283.935	113.25	56.985	2268.42	56.85	104.43	25.89	3143.22	82.92	131.46	35.505	2649.39	119.775	121.455	46.845
139 -21.5 195.675	374.43	289.875	91.485	57.84	2104.01	54.51	101.76	25.2	3310.86	67.575	125.94	32.265	3029.2	127.425	157.935	58.215
139.5 -21.5 95.685	639.405	1048.71	132.21	187.14	2117.46	54.81	93.06	23.13	3674.94	78.375	157.23	40.5	7216.56	136.32	157.755	59.385
140 -21.5 106.35	702.81	1166.94	99.18	210.375	1238.84	53.685	116.415	27.06	3232.52	81.765	128.61	35.505	3794.92	111.6	97.215	38.325
140.5 -21.5 105.87	379.17	530.82	179.085	91.77	1870.83	51.9	133.125	29.76	2334.87	112.455	225.465	58.32	4609.52	134.91	147.63	55.71
141 -21.5 110.31	523.26	621.21	204.9	116.655	1769.94	52.98	144.42	32.055	3188.4	97.815	193.59	48.33	5598.66	166.32	219.21	77.07
141.5 -21.5 163.68	664.545	1125.07	266.085	201.39	1720.43	74.25	153.705	35.055	2656.86	85.935	191.94	47.085	5298.28	159.78	206.895	74.16
142 -21.5 170.655	357.42	471.075	213.315	90.285	1847.01	65.145	143.025	33.81	2825.31	96.69	185.04	46.41	6445.5	153.585	175.515	64.185
142.5 -21.5 267.825	529.11	548.475	134.865	101.22	1332.66	101.265	189.51	44.28	3220.02	93.6	174.585	44.295	5876.31	235.98	360.39	118.77
143 -21.5 335.355	449.49	673.74	129.06	120.735	1760.2	113.85	202.05	47.43	2616.3	129.9	203.745	53.28	6166.92	154.5	211.935	75.6
127.5 -22 345.33	560.175	830.91	87.87	146.91	1632.49	120.63	198.045	46.575	3531.26	129.87	217.08	55.545	6327.91	171.555	244.095	85.215
128 -22 183.3	682.95	805.545	189.225	149.7	1798.9	80.19	151.815	35.775	3634.18	82.02	161.295	40.8	4913.39	195.225	292.77	98.01
128.5 -22 98.64	796.14	1021.93	133.755	183.99	1993.76	63.705	174.15	39.705	4069.22	97.455	166.665	44.61	8090.19	147.06	160.575	59.52
129 -22 106.215	489.69	697.14	61.83	121.68	1998.66	42.57	136.215	32.25	3910.44	82.86	131.31	36.15	6542.03	131.475	190.695	69.675
129.5 -22 103.755	533.34	785.73	138.66	141.06	1735.59	49.725	124.77	30.39	4214.77	77.46	143.64	38.205	5426.94	122.07	184.215	66.78
130 -22 88.59	507.615	841.965	155.865	151.995	2320.29	43.725	127.905	30.15	2996.8	90.945	183.015	46.335	5165.16	126.345	135.66	51.24
130.5 -22 102.285	523.275	543.45	165.135	104.565	1220.82	47.64	133.365	30.63	1929.91	62.745	132.345	32.43	3258.8	172.815	237.57	81.435
131 -22 94.155	529.065	920.61	156.78	162.18	1456.86	53.625	107.22	24.375	4416.14	79.62	169.305	40.995	5949.24	142.23	270.75	90.42
131.5 -22 100.695	473.07	802.38	159.975	143.325	1947.06	53.97	136.14	31.575	3532.92	79.785	155.535	39.465	6803.84	150.57	223.47	77.595
132 -22 114.96	523.395	968.91	181.635	172.74	1653.81	62.34	136.215	31.95	4066.42	80.91	151.305	37.5	4765.07	151.29	243.345	79.785
132.5 -22 88.5	654.945	1240.07	159.945	223.14	1526.95	56.115	113.22	26.25	3232.35	69.42	128.235	32.025	4873.24	147.975	225.84	78.705
133 -22 103.365	379.875	739.665	168.315	133.635	1992.18	50.07	131.22	30.36	3246.8	78.975	180.945	46.275	3992.1	126.855	225.135	79.44
133.5 -22 102.585	394.935	555.9	218.88	106.035	1508.95	46.755	139.335	31.86	4148.09	78.24	126.855	34.875	6958.86	127.035	169.71	62.205
134 -22 143.565	324.375	581.355	155.985	100.62	1892.13	59.205	150.525	34.815	4168.03	80.025	159.06	42.585	4984.12	113.52	140.835	53.055
134.5 -22 188.595	335.67	820.68	76.755	151.335	2084.97	52.26	154.515	35.955	3298.39	81.81	169.605	45.495	3957.72	132.39	129.555	49.8
135 -22 301.74	348.075	463.575	79.185	89.34	1643.88	75	165.735	39.6	3950.19	70.74	135.555	36.72	4042.89	195.03	296.19	101.55
135.5 -22 275.67	610.68	619.38	128.76	115.845	1795.45	94.89	180.9	42.405	1470.13	102.435	232.185	58.125	5092.92	168.42	224.235	79.785
136 -22 261.675	591.12	574.455	143.31	109.05	1846.04	90.765	150.96	36.015	3635.04	94.875	173.475	44.175	7283.81	148.47	202.605	72.675
136.5 -22 250.545	603.84	580.05	124.05	109.98	1923.29	77.67	135.9	32.79	3485.25	77.67	196.14	49.185	5753.89	191.76	252.435	86.61
137 -22 127.98	534.72	391.215	162.21	76.995	1741.21	61.74	122.88	29.34	3245.17	75.105	157.275	38.01	5697.61	193.44	293.49	95.64
137.5 -22 438.45	324.06	360.855	147.165	71.25	1733.55	87.63	160.905	38.115	3037.61	101.175	193.92	50.55	4731.78	192.03	293.685	100.335
138 -22 408.315	302.61	279	81.015	55.44	1758.74	83.175	174.165	41.28	3012.32	105.3	210.405	53.715	6396.18	172.68	268.53	92.895
138.5 -22 350.37	360.9	312.48	100.8	61.65	1361.54	89.955	154.125	36.795	3163.83	87.015	175.8	44.67	6515.82	130.53	168.525	62.55
139 -22 115.5	476.88	692.535	207.9	124.515	1736.22	49.905	111.315	27.24	2329.89	84.885	159.48	41.205	5647.76	137.55	172.02	63.87
139.5 -22 140.46	691.695	880.065	187.245	160.575	1925.89	68.895	143.235	34.17	3036.76	100.245	190.77	50.745	4574.44	121.335	134.445	49.98
140 -22 163.335	609.555	1021.1	165.33	182.61	2199.76	76.515	168.825	39.93	2605.39	106.89	209.805	54.6	4945.86	149.37	203.76	72.69
140.5 -22 140.565	497.61	894.33	149.01	160.47	2223.42	56.76	147.96	33.405	2569.61	92.88	159.54	42.51	5022.6	120.36	163.035	60.51
141 -22 115.98	524.115	1018.79	211.305	181.92	1740.57	67.905	178.815	40.47	3093.09	96.945	223.5	57.03	6033.16	115.89	112.995	42.96
141.5 -22 231.69	561.225	624.63	230.64	117.66	1870.29	106.425	177.03	41.355	2992.95	102.27	198.165	50.94	4689.51	168.765	235.905	81.99
142 -22 270.375	641.64	811.125	194.145	151.77	1556.12	81.045	146.55	35.04	3096.72	87.435	176.175	43.83	7149.06	188.73	268.305	93.48
142.5 -22 427.545	332.52	323.22	73.575	64.05	1628.61	119.325	195.135	46.26	3082.8	124.95	191.01	50.37	4546.38	177.435	261.825	89.925
143 -22 481.14	399.84	443.775	113.37	86.145	1664.38	118.98	190.485	44.52	3333.6	114.21	199.05	51.765	7787.58	179.97	261.315	89.475
127.5 -22.5 218.925	495.495	669.87	79.605	116.745	1633.79	105.84	198.705	45.855	3562.66	120.9	195.855	51.525	5683.52	196.635	298.095	101.025
128 -22.5 101.52	750.045	1213.44	312.96	217.65	1884.23	75.675	151.095	34.05	3056.52	101.085	197.325	50.94	5118.4	154.02	224.445	79.92
128.5 -22.5 104.52	593.25	989.79	133.83	176.22	1980.69	55.995	162.75	36.795	4118.89	94.68	176.415	45.18	5940.32	156.465	205.995	73.335
129 -22.5 90.405	494.415	823.35	103.035	144.93	1616.87	47.28	149.43	33.195	3516.05	70.605	155.07	38.595	8980.74	126.765	144.255	53.565
129.5 -22.5 92.64	529.8	470.76	95.115	90.315	1780.05	40.605	128.52	29.115	3085.92	91.365	175.71	46.485	6271.97	110.715	123.21	47.355
130 -22.5 95.04	455.19	864.225	73.92	152.565	1882.68	42.33	125.94	29.055	2934.05	90.165	166.47	41.295	3442.26	149.61	224.025	77.385
130.5 -22.5 204.45	419.4	675.105	117.51	123.15	1918.32	64.845	148.905	32.79	2152.03	96.915	196.32	48.72	4656.47	151.545	226.425	78.84
131 -22.5 590.67	351.495	356.37	90.285	70.365	2046.27	80.16	172.68	40.5	3019.59	91.185	166.425	44.31	6106.11	113.73	119.34	45.99
131.5 -22.5 421.635	369.795	418.92	151.68	81.75	1752.75	85.905	166.89	38.805	2888.22	94.47	180.81	47.055	3375.26	120.3	124.845	48.255
132 -22.5 523.44	369.915	414.99	91.53	81.18	1927.57	84.105	190.83	43.5	4752.24	84.195	156.9	41.205	5385.7	156.435	243.27	84.21
132.5 -22.5 361.095	273.825	392.58	71.055	76.5	1926.99	68.985	172.29	38.19	4232.33	82.53	151.755	40.665	4727.82	146.67	151.785	56.565
133 -22.5 134.775	463.98	553.14	101.88	101.04	1821.23	46.695	141.915	31.68	4677.09	91.875	136.605	34.53	4803.12	144.84	229.95	81.87
133.5 -22.5 106.71	620.1	994.875	95.25	176.07	1710.29	54.18	144.315	33.45	2206.22	85.14	162.135	42.225	3513.8	142.5	178.005	65.04
134 -22.5 90.345	369.33	643.5	121.2	111.255	2803.45	39.9	137.61	33.09	3358.48	84.375	158.94	42.735	4713.19	137.985	188.85	68.445
134.5 -22.5 104.97	565.38	894.855	96.855	164.805	2110.73	47.685	103.17	25.26	3961.86	85.185	148.17	39.735	6432.99	220.515	333.24	112.62
135 -22.5 126.105	547.035	844.485	141.945	156.015	2218.34	47.685	131.01	31.485	3838.03	81.66	109.92	30.795	4531.65	141.75	217.635	78.675
135.5 -22.5 253.605	668.175	815.73	81.3	147.045	2060.31	76.395	151.365	35.76	3738.28	93	175.635	46.635	4691.61	185.775	294.135	98.76
136 -22.5 236.445	520.56	626.325	127.695	118.485	1399.88	69.72	134.175	32.025	3525.75	101.13	213.555	55.35	7139.78	156.12	221.445	78.705
136.5 -22.5 214.68	552.27	1029.4	153.645	188.94	1854.27	67.74	147.12	34.815	3965.31	78.945	164.85	41.25	7143.6	161.16	235.5	81.345
137 -22.5 281.865	726.945	1251.63	131.175	227.46	2098.2	99.75	226.05	51.855	3006.15	90.21	200.34	51.33	4191.03	200.565	301.83	100.635
137.5 -22.5 266.64	484.635	545.7	119.25	104.325	1594.56	72.375	132.495	31.95	4150.93	84.96	164.46	41.46	7828.99	160.335	244.485	86.385
138 -22.5 257.475	492.18	564.39	123.705	105.06	1684.26	94.905	195.84	45.825	1785.62	100.32	202.74	51.06	4404.43	215.79	325.095	107.73
138.5 -22.5 286.68	563.865	505.83	212.61	97.665	1916.18	98.175	174.27	41.31	2887.47	76.695	137.115	35.49	5096.41	167.19	228.435	81.72
139 -22.5 215.01	503.355	646.725	196.95	118.575	1808.49	68.145	145.29	34.845	3797.51	78.93	184.08	47.595	6155.52	155.955	234.84	84.645
139.5 -22.5 125.565	521.25	786.645	109.575	139.26	1959.6	60.27	131.505	31.47	2972.7	85.545	187.77	47.025	4991.36	122.385	133.575	50.94
140 -22.5 194.895	466.08	652.395	173.595	123.045	2218.65	83.37	164.34	38.535	3110.49	118.935	194.415	51.165	4681.93	163.755	220.41	78.24
140.5 -22.5 243.765	618.21	758.22	164.55	140.085	2457.47	76.86	143.97	35.055	1961.89	100.035	143.745	39.3	3469.86	134.1	152.49	57.75
141 -22.5 151.395	695.28	1372.66	178.47	247.695	1912.71	74.205	166.155	38.07	3636.18	88.17	180.06	46.935	4409.07	143.055	173.58	64.8
141.5 -22.5 205.485	581.82	712.545	132	133.53	1364.49	100.485	175.08	41.61	3779.61	111.21	173.475	45.45	6556.24	178.2	259.995	90.48
142 -22.5 446.295	369.42	513.15	84.72	98.76	1667.99	135.39	220.545	51.525	2953.01	130.335	213.045	55.755	4843.66	155.1	211.44	75.27
142.5 -22.5 679.74	274.02	289.635	91.245	57.585	1568.68	148.5	256.62	59.97	3120.47	119.73	190.815	50.58	4893.56	199.635	304.905	101.85
143 -22.5 441.51	414.615	363.21	86.46	71.4	1457.61	125.76	219.105	51.51	3639.36	123.105	201.045	51.765	3986.65	195.96	291.255	100.455
127.5 -23 477.405	464.955	544.14	88.215	102.615	1869.27	148.47	239.565	55.68	3309.87	134.265	217.785	56.925	6550.17	187.05	265.485	88.56
128 -23 599.355	275.01	399.78	59.79	78.135	1713.66	95.865	193.23	45.945	2643.36	103.53	188.355	49.59	6064.61	169.89	244.965	85.905
128.5 -23 169.56	435.705	562.995	180.66	106.05	1274.22	67.635	150.765	35.28	3374.7	90.09	188.4	47.415	4017.6	187.095	286.545	97.995
129 -23 62.04	252	387.24	112.785	66.69	812.25	37.11	114.375	25.455	5144.6	85.8	195.54	51.72	5029.59	141.585	190.485	69.51
129.5 -23 89.22	441.39	544.17	124.89	102.525	1787.89	45.975	143.355	33.435	4111.14	78.015	165.48	43.965	7044.15	158.805	250.08	84.63
130 -23 106.005	477.84	483.135	226.245	83.475	1548.38	51.075	133.38	32.25	3934.27	77.115	148.845	40.17	5520.28	155.295	186.885	67.71
130.5 -23 99.72	623.355	858.195	100.095	154.11	1649.36	51.585	154.2	36.525	3802.66	75.315	107.205	29.985	5831.98	113.295	143.055	53.52
131 -23 99.285	544.815	947.82	108.03	167.7	1976.25	53.685	109.98	27.06	3817.66	77.97	126.075	34.755	6523.92	173.76	283.695	95.715
131.5 -23 95.16	538.29	809.535	167.64	142.695	2406.78	47.655	127.35	29.97	4030.22	89.25	157.14	41.88	7826.81	167.265	246.225	85.98
132 -23 94.815	471.975	734.685	104.385	127.275	1349.24	56.58	151.38	34.935	2740.65	67.725	88.92	25.08	7197.28	168.33	275.79	90.765
132.5 -23 130.095	691.335	1039.65	181.875	183.165	1910.79	79.77	126.315	31.11	2950.82	72.48	49.455	14.355	3603.28	133.215	155.97	58.5
133 -23 98.895	262.35	462.375	152.31	79.74	2108.89	53.13	124.575	30.465	2246.72	80.88	76.38	21.825	4100.07	137.28	126.405	48.555
133.5 -23 91.41	913.98	1201.44	220.2	215.115	1322.84	56.94	122.31	29.295	3491.13	70.23	135.165	37.5	3664.48	166.59	230.7	79.965
134 -23 95.655	436.815	495.555	73.155	85.515	2279.85	39.63	133.335	32.325	2997.4	71.61	131.865	34.935	3513.93	130.035	209.1	71.415
134.5 -23 93.21	684.195	1052.87	207.6	191.685	2128.18	47.85	104.37	25.8	4927.71	83.175	155.295	39.825	4901.2	157.8	197.79	70.545
135 -23 88.53	663.165	880.35	162.18	153.345	1402.32	38.58	119.385	29.22	3557.13	66.345	135.69	36.87	8629.62	116.58	174.165	65.175
135.5 -23 104.16	797.715	1211.79	171.105	217.5	2058.9	72.195	161.64	37.275	2734.59	90.45	143.1	39.12	6139.07	168.99	232.38	81.375
136 -23 108.6	581.385	806.88	257.145	148.935	1249.65	57.945	136.635	31.14	2916.69	83.895	183.87	48.135	4283.77	123.45	138.21	52.32
136.5 -23 121.335	742.305	884.925	244.425	157.965	1961.54	60.99	146.415	32.535	2820.3	100.995	187.2	47.25	5009.76	143.97	183.42	66.495
137 -23 121.935	625.755	992.595	167.46	180.33	1928.41	71.835	164.37	38.67	2737.61	97.545	195.39	50.64	6030.78	178.185	262.65	91.74
137.5 -23 166.425	529.845	1072.98	197.205	191.475	1742.73	78.975	143.565	34.155	2007.63	82.635	153.96	37.515	4978.36	161.01	222.975	79.785
138 -23 367.335	495.57	433.08	110.445	84.21	1387.32	100.32	186.54	43.395	3703.68	93.21	190.815	48.09	4969.38	169.38	255.18	86.88
138.5 -23 436.38	362.145	532.32	158.4	102.495	1745.91	95.745	172.365	41.16	3593.86	93	170.07	43.8	5581.69	176.655	277.62	93.345
139 -23 295.29	427.545	426.48	152.025	82.86	2321.13	72.6	174.96	40.455	3576.14	111.495	193.77	50.925	5324.37	132.33	190.14	69.09
139.5 -23 148.635	515.505	796.455	148.785	144.225	1748.58	91.56	151.71	36.33	3283.1	114.645	171.825	45.735	6770.33	174.585	241.155	83.865
140 -23 196.845	533.07	831.795	292.29	146.28	1982.57	122.19	203.865	47.925	3145.48	117.975	197.52	51.84	4809.59	176.34	258.525	88.845
140.5 -23 289.185	589.02	968.205	127.635	170.355	1903.93	108.405	165.015	39.735	3548.55	103.665	154.305	42.315	5032.17	119.85	119.385	45.945
141 -23 182.595	583.995	884.07	249.495	161.985	1749.35	102.315	175.845	41.925	4252.22	120.195	186.3	49.875	6054.08	183.36	257.88	89.505
141.5 -23 210.045	715.095	1070.84	295.905	193.8	1607.38	104.745	155.49	37.68	3429.51	124.32	198.015	51.915	4569.96	171.45	234.48	82.665
142 -23 267.72	436.83	446.43	302.505	85.965	1775.71	100.335	149.025	36.105	3220.86	117.855	202.665	52.62	6458.95	188.61	290.55	99.24
142.5 -23 449.22	447.165	313.305	135.135	62.16	1544.14	103.92	158.655	38.235	3076.2	122.625	204.03	52.905	5968.5	187.92	273.075	91.29
143 -23 548.64	284.16	391.14	68.58	76.395	1581.57	133.875	239.085	55.005	3397.07	139.17	215.355	55.185	5478.9	184.77	280.875	94.11
127.5 -23.5 595.08	299.235	431.265	71.28	83.595	1798.38	134.175	225.405	52.365	3699.87	133.08	191.1	50.535	5513.91	181.71	252.24	87.39
128 -23.5 497.505	299.325	427.2	79.08	83.58	1731.84	100.965	200.685	46.59	3193.47	96.495	184.365	48.255	4526.85	174.45	235.14	81.84
128.5 -23.5 682.59	323.4	337.68	108.315	66.78	1234.77	97.05	204.48	48.15	3049.37	101.76	173.985	46.41	6205.68	182.58	261.15	90
129 -23.5 484.065	295.575	530.565	79.305	101.28	1487.34	83.985	156.135	37.665	2962.37	91.215	187.005	48.975	3474.39	126.42	164.37	61.065
129.5 -23.5 157.905	573.15	531.06	125.25	101.91	2139.78	55.23	142.89	31.575	4932.3	81.345	158.325	39.93	4721.16	162.165	268.23	92.31
130 -23.5 314.22	472.05	767.79	97.605	139.44	1864.24	78.93	163.035	35.01	3777.4	91.41	178.515	46.8	4322.04	135.885	204.225	72.84
130.5 -23.5 155.19	659.01	1007.6	116.49	183.345	1721.54	60.15	144.885	31.92	3760.18	91.875	187.395	46.545	5619.15	160.77	270.96	92.4
131 -23.5 137.16	541.695	537.315	291.63	101.415	1700.26	56.94	128.61	27.945	4054.17	97.425	187.425	42.72	9589.2	169.425	257.025	88.185
131.5 -23.5 241.605	388.245	481.98	108.27	90.81	2018.77	70.665	149.01	31.8	3042.26	91.26	176.7	41.61	3952.42	153.6	187.935	67.5
132 -23.5 502.035	293.985	366.315	90.51	71.925	1699.9	75.57	161.91	35.16	1860.99	89.685	202.89	47.16	3059.31	149.685	206.535	69.405
132.5 -23.5 530.745	190.95	266.52	68.34	53.835	1879.8	86.73	168.36	38.445	4604.84	85.365	187.11	47.145	4749.49	164.175	252.18	85.095
133 -23.5 178.365	331.215	275.505	96.57	55.335	2115.06	56.565	100.17	24.255	2832.2	100.635	155.43	38.925	4551.8	124.005	179.175	65.325
133.5 -23.5 130.005	505.755	426.87	96.78	83.16	1033.34	45.69	131.88	30.87	2984.4	70.35	115.89	29.19	3166.29	146.145	250.65	87.54
134 -23.5 103.245	336.945	336.69	31.635	59.355	812.505	44.325	120.36	26.46	1081.86	74.88	87.33	24.765	3312.55	87.33	85.65	34.455
134.5 -23.5 241.395	786.75	1176.35	116.88	213.48	2205.8	88.65	185.61	41.805	3275.13	119.76	205.245	53.655	5150.98	161.25	252.57	88.35
135 -23.5 129.405	506.085	762.585	102.12	132.435	2298.82	63.51	108.03	26.49	4479.56	90.36	174.195	43.635	5436.72	175.065	220.59	78.03
135.5 -23.5 103.575	355.86	628.035	121.89	109.035	1177.85	54.345	119.295	28.395	3396.6	74.325	161.955	42.495	5301.15	127.065	126.585	48.615
136 -23.5 110.55	635.04	814.71	222.255	142.875	1633.45	69.405	161.715	37.2	3521.61	85.785	146.85	39.375	5705.61	137.1	155.61	57.6
136.5 -23.5 94.65	759.84	1090.11	228.06	194.67	2072.95	64.68	176.34	39.93	2819.6	111.15	226.215	58.62	5743.11	147.795	169.635	63.84
137 -23.5 103.875	588.6	717.3	137.82	124.62	2012.79	89.505	190.89	43.47	3432.55	124.62	223.89	57.675	5495.84	162.915	213.21	75.705
137.5 -23.5 129.405	573.585	739.305	216.345	128.37	2031.99	90.615	191.535	44.25	2973.45	128.01	222.9	56.85	5259.21	180.765	252.915	87.435
138 -23.5 228.21	565.815	614.82	157.41	116.4	1912.34	92.355	172.65	40.83	3290.41	124.83	197.34	50.13	6051.32	198.69	285.885	98.1
138.5 -23.5 829.11	232.665	302.19	56.055	60.3	1738.32	140.88	219.63	51.705	2871.32	143.325	223.545	58.575	4674.89	181.665	263.76	90.87
139 -23.5 345.15	530.565	566.94	95.385	107.7	1754.57	107.145	163.185	39.21	3350.73	113.73	174.675	46.95	5483.73	138.585	166.305	61.305
139.5 -23.5 259.245	708.915	729	264.54	136.89	2151.23	108.18	195.72	46.305	3389.25	118.38	192.975	51.87	4916.95	128.715	134.04	51.465
140 -23.5 222.3	601.965	674.895	263.715	125.58	2015.09	98.25	146.16	35.46	3716.09	119.055	166.98	44.82	7251.57	157.155	222.975	78.81
140.5 -23.5 316.935	410.175	870.675	147.09	159.63	1914.63	108.045	168.42	40.62	3025.41	126.705	191.88	51.135	5966.17	163.74	233.7	82.44
141 -23.5 237.03	566.61	869.97	283.635	159.405	1782.49	112.245	185.07	43.995	3695.05	124.785	219.195	57.135	6954.39	165.84	246.975	87.375
141.5 -23.5 249.21	487.545	427.035	206.49	83.205	1827.48	101.85	143.76	34.905	3058.76	120.33	188.94	49.065	5141.88	170.115	230.295	80.88
142 -23.5 523.095	359.22	424.245	90.255	82.575	1487.36	128.04	218.985	51.09	3030.06	124.425	197.475	51.015	5723.02	180.585	266.055	89.655
142.5 -23.5 573.285	329.91	476.43	71.19	92.46	1472.67	146.7	232.185	54.33	2515.55	133.47	218.67	56.19	3850.14	179.565	269.88	91.755
143 -23.5 499.08	377.145	449.88	116.97	86.925	1679.1	140.625	231.435	53.535	3011.99	133.29	212.85	53.82	6305.25	183.525	273.03	88.11
127.5 -24 446.355	328.92	473.055	102.795	91.38	1886.62	133.41	221.025	51.72	3461.62	125.61	203.04	53.04	6511.72	185.94	271.545	93.525
128 -24 662.34	299.88	275.22	68.46	55.305	1714.92	92.16	186.48	43.95	3116.36	112.59	187.365	49.695	4348.15	173.49	243.57	85.65
128.5 -24 404.445	325.395	222.165	102.57	45.27	1446.43	109.785	199.14	46.545	3075.99	90.63	193.635	49.74	3476.36	163.665	242.13	84.93
129 -24 625.05	301.77	300.99	77.145	59.73	1640.24	84.465	184.14	41.295	2947.07	109.545	220.155	55.8	3682.34	161.865	264.87	90.96
129.5 -24 354.975	216.585	287.43	75.225	54.885	1011.3	88.56	216.21	42.84	4341.08	109.095	244.05	61.47	5334	145.455	235.425	83.79
130 -24 463.905	479.7	599.145	164.13	108.345	1248.68	107.34	209.595	39.84	2963.99	115.845	180.105	47.475	4145.84	139.65	184.095	65.7
130.5 -24 704.91	270.87	626.79	78.495	108.75	1028.73	136.815	274.08	52.995	2570.77	120.66	227.385	58.515	5787.02	133.83	165.795	61.5
131 -24 570	440.295	638.7	128.58	114.57	830.685	96.015	200.01	38.385	2406.68	112.86	182.295	48.39	4151.58	182.805	262.62	90.195
131.5 -24 593.43	375.615	540.63	68.61	100.125	1765.14	85.41	193.545	39.81	3810.84	99.69	212.325	54.18	4854.63	147.075	214.605	73.95
132 -24 344.955	282.24	310.23	73.395	59.985	1502.28	87.525	203.88	39.015	1732.98	120.87	192.42	51.24	2012.8	116.955	125.475	48.585
132.5 -24 1025.78	228.015	406.335	63.225	77.205	775.935	148.41	268.575	58.005	2930.13	128.385	227.7	59.415	3784.66	144.42	180.93	66.42
133 -24 1006.85	177.615	302.55	48.09	59.715	673.92	103.545	213.99	43.41	1376.73	122.91	184.065	49.485	4129.45	129.315	141.33	54.075
133.5 -24 342.525	188.175	175.59	40.365	35.955	1671.38	90.435	186.225	41.655	2505.13	114.66	209.775	55.35	4463.95	153.915	219.21	78.435
134 -24 739.155	346.185	402.66	129.27	79.11	1819.53	99.345	165.645	37.305	2172.68	102.285	199.305	51.48	4445.57	159.315	213.525	77.925
134.5 -24 479.535	422.385	241.14	150.525	48.81	1519.71	94.755	187.545	41.115	2519.94	118.8	234.315	59.235	4580.97	179.22	251.13	86.61
135 -24 318.54	521.775	745.305	117.18	137.745	1947.26	90.18	149.625	35.955	2874.63	83.7	160.425	40.605	4999.52	174.3	283.905	95.91
135.5 -24 210.3	695.475	680.67	219.495	128.67	1669.08	92.715	197.79	46.125	3258.32	84.645	162.285	43.08	5828.82	137.625	172.62	64.17
136 -24 283.68	611.415	1047.29	121.245	187.95	1820.45	91.755	213.465	49.815	2310.15	94.695	183.645	48.51	4529.89	144.675	170.1	62.775
136.5 -24 134.04	513.435	849.99	190.845	151.92	1686.45	74.955	190.41	42.81	3608.67	94.14	183.975	47.76	6781.71	178.65	239.505	83.01
137 -24 140.685	433.725	674.4	120.24	117.06	2129.99	90.72	177.69	40.695	3134.55	130.815	204.36	53.325	6241.26	197.97	291.51	97.425
137.5 -24 112.17	500.715	752.19	198.51	130.905	1910.34	94.47	213	48.45	3815.4	127.53	213.645	55.035	7640.04	148.575	207.615	74.61
138 -24 118.275	508.575	657.255	72.06	113.73	1568.41	87.045	191.295	43.71	3716.43	123.825	221.985	55.77	5293.53	166.77	231.375	81.255
138.5 -24 329.325	616.83	774.795	158.205	143.16	1814.8	122.43	186.825	44.43	3316.99	123.48	206.34	53.52	6094.02	198.42	316.335	106.41
139 -24 945.09	213.12	242.685	53.565	49.005	1590.51	127.995	199.11	47.43	3249.73	114.81	140.175	38.64	6176.72	130.56	137.49	52.095
139.5 -24 395.805	379.47	532.95	132.135	102.495	1706.68	128.055	182.145	43.845	3265.26	113.13	158.355	43.215	4183.59	117.93	115.77	44.73
140 -24 462.36	432.855	400.65	142.605	78.42	1769.43	107.85	161.745	39.075	3628.98	101.595	148.755	40.575	7210.28	179.355	252.45	88.935
140.5 -24 445.5	381.69	596.565	118.83	113.46	1851.24	129.075	190.38	45.375	2667.87	120.825	170.64	45.75	6200.4	135.57	154.38	58.17
141 -24 294.675	562.23	523.275	158.85	99.855	1726.01	109.05	191.91	45.63	3482.7	126.69	206.745	54.06	7232.11	196.11	300.285	101.355
141.5 -24 542.13	412.455	334.485	104.97	65.7	1424.13	146.565	236.955	55.245	3725.36	121.905	191.055	50.37	7784.82	190.065	279.21	96.66
142 -24 548.91	384.255	351.285	115.14	69.285	1563.07	143.505	225.435	52.68	3037.55	134.835	223.875	56.49	4799.58	185.085	284.505	91.8
142.5 -24 451.665	415.785	387.87	110.4	76.08	1507.21	136.95	222.195	52.215	2760	128.865	218.085	54.78	5914.65	176.865	261.42	87.42
143 -24 506.625	382.53	616.32	88.95	116.76	1616.32	141.42	225.66	52.275	3350.8	135.285	223.635	55.44	6012.18	185.82	274.935	89.175
127.5 -24.5 327.075	592.515	780.81	117	143.775	1794.57	130.485	217.635	50.52	4642.73	129.6	206.565	53.595	6530.27	174.84	249.39	86.715
128 -24.5 494.49	282.96	342.99	85.155	68.07	1970.2	80.355	158.34	37.32	3486.12	98.13	162.27	42.555	6655.59	187.5	270.495	91.305
128.5 -24.5 572.205	337.095	237.24	96.165	47.925	1707.24	103.185	223.14	50.43	2748.57	102.15	188.985	48.75	6048.87	185.73	263.76	89.73
129 -24.5 610.44	345.57	463.815	99.915	87.495	1759.45	124.455	279.6	58.62	2390.2	94.05	184.575	47.085	3270.06	162.72	279.48	96.12
129.5 -24.5 344.7	242.595	434.94	88.11	82.26	1565.71	75.36	156.87	32.505	2886.36	95.505	185.91	48.78	3778.35	158.085	235.905	82.5
130 -24.5 373.26	402.42	453.66	92.97	87.15	1370.36	70.725	152.82	32.055	3314.85	128.865	279.51	71.955	5734.02	157.005	215.94	77.565
130.5 -24.5 625.035	327.915	439.14	91.695	80.025	1371.99	91.95	177.675	37.32	3558.02	114.54	258.72	64.455	6464.43	152.265	221.88	79.23
131 -24.5 605.145	301.35	437.85	72.345	80.61	932.325	120.585	249.9	51.78	4524.89	87.72	179.94	47.985	5515.73	192.06	309.03	102.525
131.5 -24.5 339.495	422.445	268.65	80.775	53.985	1842.07	81.045	170.385	36.27	3683.16	103.155	181.935	47.88	5591.91	192.435	271.32	92.475
132 -24.5 651.285	361.26	340.755	59.82	67.785	747.225	77.145	147.405	27.825	1669.44	106.995	129.015	35.835	3027.55	100.29	111.57	43.26
132.5 -24.5 573.06	284.19	279.69	64.395	55.725	1533.9	91.59	161.01	38.43	2653.41	80.865	126	34.92	4568.14	130.245	131.52	50.34
133 -24.5 708.705	295.32	358.26	91.62	69.795	1034.37	105.78	178.695	43.005	3295.32	93.165	146.055	39.825	4080.27	196.245	287.85	99.45
133.5 -24.5 496.62	330.765	286.125	76.425	57.165	1406.06	93.465	192.375	44.1	3801.9	119.19	209.415	55.125	5394.63	193.575	308.85	104.91
134 -24.5 583.35	261.15	158.925	62.19	32.76	2148.42	85.425	166.035	38.01	3369.06	108.765	190.185	50.19	3840.47	129.945	166.875	62.19
134.5 -24.5 512.415	338.535	249.45	77.25	50.34	1929.39	74.31	167.91	37.5	2279.3	123.945	210.06	54.72	6417.66	137.13	171.735	63.21
135 -24.5 655.65	460.74	367.62	114.81	72.315	1760.28	78.945	174.9	39.105	2851.7	115.275	158.55	43.125	6511.34	151.275	183.81	67.35
135.5 -24.5 339.525	436.395	397.86	88.14	78.39	1997.32	96.915	167.55	38.97	2794.32	101.895	192.345	50.115	4561.31	173.13	262.305	91.305
136 -24.5 490.935	209.16	287.97	59.715	57.48	1817.87	91.08	169.02	40.74	2057.99	111.705	164.04	44.19	5663.19	120.045	132.165	49.995
136.5 -24.5 164.655	429.885	413.445	248.4	80.595	1518.94	93.66	147.255	35.64	3026.14	98.97	174	45.555	4612.32	180.975	263.91	91.695
137 -24.5 222.045	561.72	738.27	208.515	137.715	1744.39	104.52	165.99	39.66	3363.8	123.285	215.37	56.25	5753.64	179.58	251.94	88.92
137.5 -24.5 259.215	520.14	949.17	106.56	169.125	1550.57	116.835	196.725	46.47	3343.12	126.405	210.645	54.48	5954.91	194.385	293.805	100.14
138 -24.5 221.82	578.415	884.43	294.945	160.74	1497.13	113.67	190.035	44.97	3153.8	118.095	194.64	49.395	6276.42	173.07	247.74	85.14
138.5 -24.5 218.76	701.13	823.155	162.315	150.99	1547.73	111.21	172.38	41.28	2976.26	114.63	195.165	50.67	5378.37	178.08	256.365	88.935
139 -24.5 354.135	462.93	470.925	227.7	90.84	1702.55	119.115	170.145	40.815	2892.75	123.735	190.635	50.4	4064.91	146.34	179.385	66.12
139.5 -24.5 520.77	377.7	269.925	109.215	54.375	1800.63	121.35	175.425	42.315	2560.71	112.83	152.13	41.43	3587.14	127.155	121.11	46.32
140 -24.5 423.84	468.18	395.91	132.105	77.43	1806.32	108.96	161.745	39.045	3402.26	119.04	177.435	47.775	5758.02	169.965	234.135	83.52
140.5 -24.5 446.445	442.05	377.715	162.615	74.49	1435.53	114.87	149.19	36.12	3584.7	122.535	180.72	47.955	3779.79	154.545	197.745	70.95
141 -24.5 360.945	448.53	303.885	144.225	60.705	1661.1	105.675	128.82	31.41	2997.18	109.605	179.16	46.665	6239.23	166.89	246.15	85.215
141.5 -24.5 286.575	306.84	152.835	125.19	31.56	1530.51	133.2	186.51	44.37	2948.16	111.735	195.285	49.965	5748.98	211.23	330.165	110.385
142 -24.5 191.79	384.405	150.42	216.735	30.93	1526.54	109.5	125.58	30.93	3507.75	107.7	179.04	44.865	4824.49	208.695	338.43	109.32
142.5 -24.5 474.03	339.045	178.425	184.875	36.57	1643.71	131.925	206.79	48.765	3304.44	120.135	202.77	50.79	5603.79	187.125	302.985	101.01
143 -24.5 681.69	245.97	306.18	71.505	61.005	1576.49	142.59	231.975	53.295	3045.75	135	220.725	56.115	6137.61	179.04	274.83	93.195
127.5 -25 195.705	603.24	886.125	143.775	158.94	1774.66	109.485	195.99	43.68	3490.97	130.575	187.95	45.27	7175.19	184.17	271.755	92.64
128 -25 104.43	724.695	831.195	122.955	152.7	2258.93	58.17	139.995	31.02	4117.01	94.71	185.91	47.475	7741.99	186.96	273.48	94.995
128.5 -25 107.85	572.025	574.8	133.47	108.45	2086.51	52.185	137.4	30.165	4327.99	102.525	194.94	50.235	7549.97	189.27	286.215	95.25
129 -25 131.22	573.93	919.995	210.075	165.615	2196.51	65.43	141.195	30.645	4282.71	107.31	197.235	50.58	8194.45	187.245	271.44	94.455
129.5 -25 141.63	744.975	1190.85	215.925	211.005	1809.69	78.75	189.12	39.735	3919.71	114.045	220.695	56.76	5735.64	171.165	241.605	84.6
130 -25 135.375	496.275	816.345	120.63	143.025	1854.45	67.215	160.005	33.27	4452.32	100.71	186	49.5	6037.77	194.58	300.195	102.27
130.5 -25 508.995	258.195	524.595	121.125	101.16	2123.3	94.53	221.43	48	3983.79	94.965	133.065	36.555	5803.98	149.265	189.21	69.45
131 -25 773.64	433.965	513.225	87.39	99.51	2072.91	98.295	230.64	51.06	2955.13	87.645	89.835	25.53	5255.72	150.735	186.405	69.375
131.5 -25 190.515	404.175	232.26	80.925	47.04	663.42	73.5	152.835	33.015	2265.7	99.105	156.705	42.645	5238.83	169.92	251.205	87.42
132 -25 344.16	304.995	218.01	81.105	44.34	1169.14	78.675	165.93	33.81	3203.85	115.485	134.67	36.735	5706.15	181.455	175.005	65.355
132.5 -25 253.29	220.11	129.27	40.845	26.91	1460.07	80.37	145.83	32.13	2353.61	95.355	104.88	29.325	4637.16	101.565	135.495	50.58
133 -25 494.52	233.355	335.385	59.94	66.87	1999.62	80.985	197.715	44.565	2194.12	84.855	148.08	40.23	3389.53	141.69	195.525	69.72
133.5 -25 485.46	174.945	123.54	39.21	25.725	1413.59	86.52	161.145	35.505	2662.49	103.905	160.155	43.38	4207.26	158.22	198.975	72.735
134 -25 504.315	170.205	163.005	55.095	33.615	1917.38	91.59	195.39	43.59	2059.74	139.275	236.295	59.79	4572.61	137.595	121.095	46.71
134.5 -25 587.55	362.295	216.48	77.31	44.025	1316.91	104.88	168.045	37.98	1641.96	116.13	204.615	50.505	4485.16	125.055	163.05	60.96
135 -25 160.32	381.105	190.77	130.485	38.865	1790.41	51.735	127.905	29.76	2395.15	83.34	160.965	39.885	4868.67	131.595	134.235	51.405
135.5 -25 333.66	245.745	158.595	82.845	32.685	1495.1	99.975	176.235	41.7	3761.11	96.795	172.065	43.875	4612.35	171.195	245.76	84.96
136 -25 743.04	153.405	162.555	46.32	33.465	1412.65	104.295	214.305	50.61	2663.51	110.655	176.235	47.1	5363.62	174.855	272.055	93.225
136.5 -25 869.265	217.155	156.705	93.015	32.25	1499.67	144.675	224.61	53.04	2921.3	120.555	185.895	49.305	5061.56	204.105	313.455	104.925
137 -25 114.9	376.47	267.855	134.88	53.79	1472.4	87.06	124.335	30.555	3018.12	118.155	216.12	30.555	6211.26	150	214.14	74.985
137.5 -25 272.145	428.82	309.21	127.005	61.38	1612.27	102.345	141.285	34.32	3188.25	116.445	188.28	47.4	5569.69	186.39	289.425	97.155
138 -25 486.645	481.005	285.015	128.16	57.285	1354.98	134.13	184.875	44.175	3159.35	116.025	186.99	48.18	5669.91	176.88	254.955	88.425
138.5 -25 642.855	301.215	241.695	96.12	48.93	1451.79	128.52	183.87	43.605	2896.39	126.585	216.33	54.465	4416.3	199.335	301.83	98.115
139 -25 97.575	356.415	145.395	172.335	30.09	1739.4	88.335	128.28	31.5	2615.28	98.205	157.665	41.1	4149.16	195.51	298.575	100.395
139.5 -25 338.1	393.915	180.015	98.46	36.915	1763.55	112.89	146.025	35.52	3279.6	122.55	189.27	50.73	7660.12	146.85	203.355	74.115
140 -25 458.595	387.645	201.78	94.815	41.145	1745.94	108.645	160.455	38.82	3633.33	125.025	190.785	50.31	6017.07	166.23	254.46	88.065
140.5 -25 474.87	296.94	134.985	102.255	27.96	1711.05	132.72	166.68	40.065	3529.05	114.78	197.505	50.745	5767.88	186.96	309.93	104.805
141 -25 267.135	343.8	153.705	99.015	31.695	1800.2	107.265	149.835	36.375	3053.6	112.305	179.31	46.125	4917.21	179.175	269.7	90.57
141.5 -25 321.225	346.65	90.9	107.625	19.065	1411.68	105.24	135.765	33.18	3744.59	127.95	195.945	51.195	5541.83	199.59	290.43	98.7
142 -25 297.72	315.93	126.54	127.08	26.25	1531.74	121.38	135.42	33.15	2163.45	116.43	209.175	54.54	5633.19	184.965	272.415	88.665
142.5 -25 595.545	254.04	224.325	93.135	45.39	1474.26	141.54	221.595	52.275	2724.55	125.85	199.59	51.735	6057.36	186.225	278.04	92.775
143 -25 777.015	177.99	217.56	46.965	44.235	1351.72	148.545	247.71	57	2744.67	138.96	231.87	58.965	5735.73	205.425	309.435	102.39
127.5 -25.5 124.92	913.83	1180.15	141.915	210.345	2421.57	87.705	175.95	39.78	5487.26	122.49	177.435	47.835	8557.31	179.415	254.22	88.575
128 -25.5 107.235	582.765	1014.69	143.67	179.025	1896.49	58.905	178.29	40.14	3924.26	97.95	174.36	46.155	6429.78	187.185	285.975	95.805
128.5 -25.5 106.605	644.295	1166.36	149.655	208.215	1846.11	54.72	140.28	31.005	2637.98	95.205	185.25	45.57	6185.51	181.05	247.545	84.57
129 -25.5 116.565	540.09	660.075	122.49	114.345	1966.89	64.875	134.22	30.495	2768.13	85.71	160.575	38.97	4433.53	138.45	175.23	63.555
129.5 -25.5 158.055	676.185	846.045	118.755	148.065	2064.78	71.61	161.22	36.375	3590.1	107.475	188.145	49.005	6776.76	164.175	232.86	82.425
130 -25.5 151.38	429.33	588.42	107.73	102.225	2125.27	64.11	155.925	35.52	4541.46	116.145	187.635	50.055	8826.67	177.645	235.65	81.69
130.5 -25.5 106.455	551.88	964.425	189.915	169.2	2033.12	56.415	140.88	30.345	3138.14	92.28	165.24	43.845	5208.52	121.905	119.655	45.9
131 -25.5 277.515	442.455	262.26	89.43	52.545	1246.66	72.195	164.595	37.02	3456.89	88.65	164.895	41.13	5885.14	176.49	258.945	88.02
131.5 -25.5 611.835	257.025	355.77	70.365	70.365	1600.07	103.95	205.875	46.065	3396.09	94.545	170.43	44.82	4608.59	173.88	259.875	88.83
132 -25.5 634.05	179.955	232.485	61.065	47.13	1846.68	113.88	198.375	43.575	2954.55	103.77	170.625	44.985	4928.89	172.995	226.53	80.805
132.5 -25.5 502.8	143.475	115.77	43.86	24.06	1578.4	86.235	170.475	38.85	2421.59	94.875	162.765	43.755	5212.98	171.03	245.415	85.365
133 -25.5 618.72	192.765	147.51	67.275	30.54	2042.89	88.095	175.44	40.05	2411.87	115.755	205.44	53.82	4593.05	158.4	199.23	70.11
133.5 -25.5 373.635	227.265	152.64	75.21	31.485	1885.11	87.825	206.655	47.1	2775.4	92.445	165.945	42.045	3642.28	166.815	194.865	70.965
134 -25.5 396.09	460.74	300.21	102.42	59.67	1638.81	84.87	175.92	40.695	3151.73	91.89	183.84	44.205	4508.67	173.19	271.245	91.68
134.5 -25.5 241.32	448.44	234.675	140.91	47.58	1476.36	86.805	150.03	35.88	2846.97	93.03	185.955	44.85	5354.06	131.385	184.635	66.9
135 -25.5 378.195	394.395	198.045	112.35	40.23	1732.89	107.49	176.295	42.105	3203.2	105.735	199.665	49.2	4206.77	184.575	285.675	93.645
135.5 -25.5 695.625	226.17	257.04	86.43	51.75	1431.84	109.005	182.355	43.26	2475.21	101.205	178.53	45.855	4593.16	165.72	225.345	68.535
136 -25.5 810.915	129.975	135.885	36.6	28.125	1520.85	116.685	216.78	50.58	2652.9	120.375	216.525	56.385	4653.78	166.35	251.07	82.995
136.5 -25.5 1415.65	131.625	109.11	41.49	22.83	1171.92	156.525	238.305	55.65	2582.74	124.485	179.055	48	8146.66	161.685	260.775	90.69
137 -25.5 815.625	193.035	141	71.34	29.16	1205.76	126.48	190.32	45.375	2388.43	125.385	199.68	52.86	5197.18	161.625	225.165	79.14
137.5 -25.5 506.985	264.18	207.555	110.79	42.21	1564.11	147.45	219.42	51.6	2787.82	142.425	235.395	60.63	5539.48	183	283.215	96.45
138 -25.5 593.265	421.74	201.645	96.57	41.175	1508.18	131.925	199.545	47.04	2971.02	125.88	208.635	53.055	5030.2	180.09	260.595	87.255
138.5 -25.5 522.84	266.595	178.275	97.2	36.54	1640.31	131.43	201.96	47.805	3338.2	132.66	211.965	53.895	4294.41	201.225	296.565	98.085
139 -25.5 650.835	229.74	197.61	99.675	40.395	1541.74	129.735	196.35	46.395	3151.59	134.85	229.83	58.605	5911.92	176.25	264.12	89.49
139.5 -25.5 396.705	281.115	142.41	89.7	29.385	1561.08	126.81	179.85	42.765	2912.07	136.605	213.48	54.885	7275.48	183.33	277.245	92.085
140 -25.5 552.525	283.05	190.95	92.925	39.015	1671.49	126.3	196.14	46.485	3115.64	128.025	202.41	51.93	5103.83	152.865	206.865	73.425
140.5 -25.5 554.85	233.37	176.82	71.67	36.075	1629.82	127.2	191.49	45.21	2857.14	133.485	216.135	55.845	6100.07	191.355	292.335	96.165
141 -25.5 127.89	407.4	143.22	93.255	29.43	1761.63	88.545	103.005	25.5	3380.64	114.12	173.205	44.865	5555.55	161.25	223.17	74.985
141.5 -25.5 462	348.54	98.955	98.325	20.7	1846.96	112.56	134.43	32.82	2280.98	114	184.755	48.09	5253.64	193.86	302.01	101.265
142 -25.5 618.915	177.135	104.43	63.645	21.81	1523.67	125.94	186.03	44.52	2783.6	124.275	196.86	51.585	5889.42	169.965	255.63	86.265
142.5 -25.5 835.755	200.655	201.69	73.74	41.16	1425.39	146.25	241.335	56.355	2886.99	136.605	224.475	57.51	5201.19	188.82	283.41	96.27
143 -25.5 683.61	200.025	218.415	68.655	44.385	1543.41	152.385	250.275	57.63	3033.16	136.005	199.875	52.47	6758.74	187.74	279.675	91.98
127.5 -26 113.73	602.22	1072.55	64.74	188.205	2695.71	88.2	205.65	48.735	4359.24	87.435	117.21	32.715	5803.66	159.645	235.005	81.675
128 -26 121.02	726.495	954.42	217.215	167.94	2191.73	90.135	198.915	46.14	4133.23	108.645	157.26	42.795	6419.85	186.45	279.72	94.485
128.5 -26 118.08	560.37	768.84	177.495	134.4	2202.87	82.455	172.08	40.275	3979.98	127.29	207.84	54.24	7162.92	189.78	296.67	101.4
129 -26 149.7	390.96	434.295	173.07	74.97	2283.4	61.92	141.675	33.99	2375.53	96.36	177.6	47.61	6354.73	185.55	244.185	85.74
129.5 -26 141.405	654.81	802.665	165.795	144.81	2128.61	77.775	162.465	37.53	2085.63	105.75	201.075	52.995	5821.98	136.77	162.015	60.135
130 -26 191.25	472.335	911.46	107.61	163.41	1939.1	75.375	150.135	34.8	3643.26	83.115	165.405	44.625	7083.03	175.59	261.36	90.45
130.5 -26 119.49	503.19	817.395	110.505	152.085	2183.43	56.16	134.745	29.76	3244.53	96.39	195.135	49.95	6009.06	179.835	262.35	89.22
131 -26 94.455	506.775	633.69	83.055	119.025	1369.18	56.28	153.57	33.795	2711.58	94.275	201.735	49.125	6186.56	177.195	236.445	81.66
131.5 -26 120.9	449.82	593.85	102.705	108.81	2092.9	70.71	164.775	35.16	3898.23	148.02	259.455	63.63	5384.95	178.71	247.905	84.6
132 -26 97.005	676.8	731.835	138.99	136.605	1778.14	49.545	137.7	29.865	2487.72	101.34	178.635	45.195	7004.52	198.27	259.89	89.67
132.5 -26 113.265	460.05	489.12	105.255	91.5	2215.18	47.4	132.945	29.4	4151.01	110.175	228.075	57.855	5768.86	135.225	157.92	58.515
133 -26 152.535	648.645	591.135	153.99	112.41	1636.85	46.47	129.045	29.475	3819.86	89.625	175.77	46.35	6617.64	138.57	146.595	55.935
133.5 -26 108.3	563.055	928.14	334.275	163.905	2362.23	52.395	163.515	37.65	2212.56	104.58	187.095	49.38	5732.79	128.37	115.29	44.475
134 -26 107.64	728.94	938.295	142.53	172.605	1860.15	56.835	142.755	32.355	3445.48	99.9	206.805	54.105	5047.53	191.025	309.81	99.525
134.5 -26 263.265	367.635	628.695	208.365	120.48	1939.59	102.33	185.055	42.585	3264.8	88.755	168.435	41.04	4598.57	221.955	343.515	113.775
135 -26 572.58	241.11	215.955	78.3	43.2	1476.15	103.05	199.17	47.13	3222.52	111.57	184.695	47.73	5242.05	165.84	271.755	88.245
135.5 -26 910.695	211.305	187.155	58.545	38.1	1149.32	146.685	236.28	55.455	2804.41	124.755	190.635	50.715	5684.04	172.05	247.8	85.83
136 -26 707.565	268.215	172.44	73.74	35.235	1477.57	121.395	170.79	40.8	2913.63	134.97	204.42	53.505	6339.89	176.595	262.74	88.395
136.5 -26 675.285	266.04	229.365	92.535	46.515	1654.76	145.215	225.27	52.95	2962.53	126.885	197.775	51.81	4950.9	194.25	285.24	97.38
137 -26 785.835	257.355	130.44	95.88	27.06	1391.01	130.065	188.295	44.775	2864.89	126.21	201.6	52.155	4208.37	190.425	286.995	94.26
137.5 -26 649.62	284.01	206.775	103.335	42.15	1392.45	144.84	230.67	53.715	2783.13	128.88	207.57	53.355	4615.22	189.72	295.995	95.52
138 -26 587.535	243.66	272.43	81.855	54.765	1484.37	139.47	213.33	50.01	2786.94	140.925	233.28	59.835	5351.79	179.76	272.1	92.475
138.5 -26 583.38	295.2	367.95	92.655	71.775	1586.26	137.085	214.905	50.37	2860.2	127.875	195.105	51.48	5985.73	194.97	286.74	94.905
139 -26 746.64	259.05	201.06	79.545	41.085	1413.99	130.17	191.295	45.54	2761.5	143.04	229.02	59.715	5574.54	145.89	190.8	68.7
139.5 -26 646.23	249.405	220.365	82.995	44.82	1549.9	130.515	209.175	49.23	2984.3	141.27	236.07	59.745	4838.57	190.17	295.215	100.95
140 -26 602.265	324.36	195.405	105.48	39.84	1554.72	131.88	201.24	47.4	2595.15	122.34	197.235	50.61	4372.58	182.85	264.285	82.71
140.5 -26 428.61	272.61	231.54	100.32	46.875	1578.11	118.095	183.72	43.815	2765.01	110.235	170.1	42.495	4633.74	203.145	328.71	106.455
141 -26 375.06	312.57	216.285	131.22	43.05	1654.98	139.44	195.885	46.53	3032.36	121.935	206.625	52.68	6208.8	173.205	256.545	87.12
141.5 -26 556.68	210.57	142.875	69.615	29.55	1618.41	131.805	217.29	51.105	3022.41	138.66	219.375	55.98	4610.36	194.73	289.77	93.63
142 -26 569.22	244.08	184.815	71.865	37.875	1560.03	158.715	263.055	60.66	2686.24	137.04	222.675	57.495	4766.51	180.135	281.685	95.775
142.5 -26 736.095	261.015	333.03	70.395	65.88	1428.59	136.995	224.445	52.62	2728.83	139.995	217.35	56.55	4913.77	201.33	307.425	102.84
143 -26 927.375	236.91	369.39	37.215	72.075	1556.12	149.31	248.205	57.69	3212.82	148.65	237.585	61.86	5320.89	193.995	299.235	100.275
127.5 -26.5 575.55	329.67	534.645	58.515	100.815	1830.59	142.71	244.71	55.995	3635.64	138.48	223.995	57.825	6063.47	174.705	255.3	89.325
128 -26.5 299.595	401.955	723.555	67.065	127.425	1952.04	107.325	175.575	40.92	4395.52	109.395	179.04	45.48	6170.17	193.305	279.27	95.805
128.5 -26.5 109.23	599.85	836.565	161.16	146.85	2177.74	92.76	190.695	42.645	3235.55	141.45	240.195	61.62	5138.51	190.725	278.88	96.525
129 -26.5 107.925	439.98	996.48	312.24	177.135	2109.7	76.305	155.19	35.85	3395.62	126	202.83	53.865	7301.59	171.33	242.61	85.785
129.5 -26.5 126.645	629.325	1120.49	254.625	199.125	1835.02	99.96	197.775	45.555	3956.65	117.405	167.43	45.345	7437.66	164.34	225.465	80.265
130 -26.5 137.55	537.495	856.02	118.05	149.67	1910.55	82.305	179.79	40.995	4043.57	126.135	202.575	53.475	7993.45	153.255	195.63	70.065
130.5 -26.5 130.95	410.445	519.06	141.48	90.855	1884.27	95.31	218.655	50.58	3434.91	120.42	186	49.755	5729.89	175.95	261.3	90.225
131 -26.5 135.15	303.75	466.71	136.35	80.625	2165.18	84.645	178.155	40.875	3578.4	123.54	203.25	52.245	6327.8	189.495	281.325	94.605
131.5 -26.5 137.73	679.965	960.975	197.55	167.955	2202.51	89.82	207.975	47.535	3525.6	109.605	212.31	54.57	6727.48	170.82	243.075	83.775
132 -26.5 132.435	376.875	372.345	136.665	64.395	2279.43	59.64	133.8	31.875	3818.19	103.83	187.245	48.09	5521.41	179.775	251.19	85.68
132.5 -26.5 119.67	983.79	1226.67	120.3	217.605	1585.53	71.355	176.355	39.63	4231.56	95.805	165.87	44.25	7730.53	156.21	218.835	77.82
133 -26.5 104.835	382.17	422.55	67.665	73.035	2389.02	45.135	137.865	31.305	2628.11	98.145	193.875	51.81	5659.92	153.315	215.19	77.13
133.5 -26.5 91.95	339.795	326.235	58.035	56.46	2133.78	42.105	143.76	31.965	3138.24	102.105	208.785	54.57	7662.27	167.385	209.985	74.235
134 -26.5 104.19	324.12	566.4	81.045	97.95	1779.46	79.845	178.74	39.84	4799.67	121.68	195.285	51.645	7601.4	211.86	307.035	104.865
134.5 -26.5 390.285	656.94	723.06	68.205	131.715	1784.68	132.105	217.965	50.505	3629.53	125.895	197.325	51.165	6105.72	164.115	239.475	83.745
135 -26.5 659.7	292.305	459.27	64.995	88.98	1942.5	122.13	202.185	47.565	4316.36	125.88	190.155	49.905	5892	205.47	308.46	103.11
135.5 -26.5 689.505	284.115	259.44	70.845	52.035	1769.04	132.705	245.91	56.055	2885.65	134.115	215.655	56.415	5102.4	136.635	158.85	59.37
136 -26.5 590.385	274.245	249.09	90.525	50.295	1457.5	142.74	227.49	53.445	3526.39	132.75	220.035	56.325	6408.24	194.235	291.735	94.5
136.5 -26.5 561.255	345.615	282.105	100.575	56.55	1557.16	136.5	229.47	53.13	3135.36	134.925	221.73	55.41	4871.37	163.32	258.735	89.16
137 -26.5 555.195	330.03	439.35	88.005	85.785	1317.18	148.38	248.67	57.045	2738.53	129.495	213.75	53.04	4974.24	164.07	244.545	77.7
137.5 -26.5 676.32	348.18	325.335	100.11	64.455	1277.71	148.425	234.48	54.57	2537.61	154.53	260.415	64.605	4825.89	188.73	286.695	92.64
138 -26.5 495.42	450.06	279.645	112.62	56.115	1357.85	158.805	252.03	58.395	2829.2	135.66	229.23	56.67	4869.09	164.505	255.885	79.725
138.5 -26.5 615.195	335.73	344.325	71.1	67.875	1311.01	156.99	256.23	58.74	2362.05	150.06	263.16	65.625	5035.05	191.28	292.83	95.055
139 -26.5 739.14	311.01	350.595	62.85	69.27	1411	142.605	254.22	58.395	2699.79	156.81	272.13	67.785	4388.48	179.25	269.025	89.925
139.5 -26.5 726.33	284.67	266.82	73.26	53.475	1450.38	148.95	232.785	53.925	2727.23	135.165	228.615	56.19	5089.27	209.865	303.615	101.4
140 -26.5 720.585	306.465	415.77	53.61	81.045	1241.43	154.98	258.075	59.175	2854.9	152.685	247.62	62.43	5082.19	185.715	280.035	91.83
140.5 -26.5 602.28	294.885	353.07	90.36	69.36	1449.12	142.2	235.38	54.645	3524.68	139.215	227.58	56.895	7015.14	188.04	295.83	95.055
141 -26.5 640.725	298.74	308.235	87.615	61.5	1399.75	141.09	236.7	54.915	3502.05	150.84	246.285	62.34	5278.27	202.17	299.805	100.305
141.5 -26.5 545.94	386.985	266.355	118.185	53.55	1609.73	146.715	224.37	52.545	3334.27	139.05	236.7	58.5	6310.17	190.23	293.775	95.79
142 -26.5 662.985	300.45	426.315	93.9	82.77	1668.75	147.12	244.32	56.625	3297.26	130.605	209.715	52.365	6702.8	189.285	279.09	94.68
142.5 -26.5 555.435	338.235	599.97	53.22	111.81	1731.18	137.235	228.42	53.325	2648.22	125.385	204.03	51.15	4883.46	185.4	274.365	92.145
143 -26.5 505.59	303.75	562.56	32.775	101.73	1467.22	124.425	206.4	48.42	3317.82	142.8	232.815	58.725	6534.75	186.87	278.52	95.805
