AK135-15-SKS
449
0	5.8
15	5.8
20	5.8
20	6.5
35	6.5
35	8.04
49.826	8.0417
63.663	8.0434
77.5	8.045
92.326	8.0467
107.151	8.0485
122	8.0556
137	8.0972
152	8.1389
167	8.1806
182	8.2222
197	8.2639
210	8.3
210	8.3
225	8.3547
240	8.4095
255	8.4642
270	8.519
285	8.5737
300	8.6285
315	8.6833
330	8.738
345	8.7928
360	8.8475
375	8.9023
390	8.957
405	9.0118
410	9.03
410	9.36
425	9.4104
440	9.4608
455	9.5112
470	9.5616
485	9.612
500	9.6624
515	9.7128
530	9.7632
545	9.8136
560	9.864
575	9.9144
590	9.9648
605	10.0152
620	10.0656
635	10.116
650	10.1664
660	10.2
660	10.79
675	10.8299
690	10.8697
705	10.9096
720	10.9495
735	10.9894
750	11.0292
764.95	11.0638
778.81	11.086
792.67	11.1083
806.53	11.1305
821.38	11.1561
836.23	11.1822
851.08	11.2082
865.93	11.234
879.79	11.2577
893.65	11.2814
907.51	11.3051
922.36	11.33
937.21	11.3548
952.06	11.3797
966.91	11.4042
980.77	11.4268
994.63	11.4495
1009.48	11.4737
1024.33	11.4974
1039.18	11.5211
1054.03	11.5448
1068.88	11.5681
1082.74	11.5897
1096.6	11.6114
1111.45	11.6345
1126.3	11.6572
1141.15	11.6799
1156	11.7026
1170.85	11.7248
1184.71	11.7455
1198.57	11.7662
1213.42	11.7882
1228.27	11.8099
1243.12	11.8317
1257.97	11.8534
1271.83	11.8732
1285.69	11.8931
1299.55	11.9129
1314.4	11.9339
1329.25	11.9548
1344.1	11.9756
1358.95	11.9963
1372.81	12.0154
1386.67	12.0345
1400.53	12.0536
1415.38	12.0737
1430.23	12.0938
1445.08	12.1138
1459.93	12.1338
1473.79	12.1525
1487.65	12.1712
1501.51	12.1899
1516.36	12.2091
1531.21	12.2282
1546.06	12.2473
1560.91	12.2664
1574.77	12.2842
1588.63	12.302
1603.48	12.321
1618.33	12.3401
1633.18	12.3591
1648.03	12.3781
1662.88	12.3965
1676.74	12.4135
1690.6	12.4305
1705.45	12.4487
1720.3	12.4668
1735.15	12.485
1750	12.5031
1764.85	12.5211
1778.71	12.5379
1792.57	12.5547
1807.42	12.5725
1822.27	12.5902
1837.12	12.6079
1851.97	12.6256
1865.83	12.6419
1879.69	12.6582
1893.55	12.6746
1908.4	12.692
1923.25	12.7093
1938.1	12.7266
1952.95	12.7439
1966.81	12.76
1980.67	12.7761
1994.53	12.7922
2009.38	12.8093
2024.23	12.8264
2039.08	12.8435
2053.93	12.8606
2067.79	12.8765
2081.65	12.8925
2095.51	12.9085
2110.36	12.9256
2125.21	12.9428
2140.06	12.9599
2154.91	12.9768
2168.77	12.9923
2182.63	13.0078
2197.48	13.0244
2212.33	13.0413
2227.18	13.0581
2242.03	13.0749
2256.88	13.0916
2270.74	13.1071
2284.6	13.1225
2299.45	13.1392
2314.3	13.1559
2329.15	13.1727
2344	13.1894
2358.85	13.2065
2372.71	13.2225
2386.57	13.2385
2401.42	13.2553
2416.27	13.2719
2431.12	13.2885
2445.97	13.3052
2459.83	13.3211
2473.69	13.337
2487.55	13.3528
2502.4	13.3699
2517.25	13.387
2532.1	13.4042
2546.95	13.4214
2560.81	13.4378
2574.67	13.4542
2588.53	13.4706
2603.377	13.4881
2618.225	13.5056
2633.072	13.523
2648	13.5406
2663	13.5582
2678	13.5759
2693	13.5936
2708	13.6114
2723	13.6292
2738	13.647
2740	13.6494
2754.901	13.6505
2768.809	13.6515
2782.716	13.6525
2796.622	13.6535
2810.527	13.6545
2825.425	13.6556
2840.333	13.6567
2855.382	13.6577
2870.431	13.6587
2885.48	13.6598
2891.5	13.6602
2906.447	8.0119
2921.394	8.0239
2936.341	8.0358
2951.409	8.0598
2965.502	8.0851
2979.594	8.1103
2993.686	8.1357
3007.779	8.1618
3021.871	8.1878
3035.964	8.2139
3050.056	8.2395
3065.155	8.2668
3080.254	8.294
3095.354	8.321
3110.456	8.3474
3124.551	8.372
3138.646	8.3966
3152.739	8.4207
3166.832	8.4448
3180.924	8.4689
3195.016	8.4927
3210.115	8.5177
3225.214	8.5426
3240.313	8.5675
3255.412	8.5917
3269.505	8.6142
3283.597	8.6367
3297.69	8.659
3311.782	8.6811
3325.875	8.7031
3339.967	8.7252
3354.059	8.7464
3369.158	8.769
3384.257	8.7916
3399.356	8.8138
3414.455	8.8355
3428.548	8.8558
3442.64	8.8761
3456.732	8.8957
3470.825	8.9153
3484.917	8.9349
3499.01	8.9542
3514.109	8.9745
3529.208	8.9948
3544.307	9.0151
3559.409	9.0347
3573.504	9.053
3587.599	9.0714
3601.693	9.0893
3615.785	9.1071
3629.878	9.1248
3643.97	9.1426
3658.062	9.1598
3673.161	9.1783
3688.26	9.1968
3703.359	9.2149
3718.458	9.2326
3732.551	9.2492
3746.643	9.2657
3760.736	9.2817
3774.828	9.2977
3788.92	9.3136
3803.013	9.3294
3818.112	9.346
3833.211	9.3627
3848.31	9.3792
3863.409	9.3953
3877.501	9.4104
3891.594	9.4254
3905.686	9.44
3919.778	9.4545
3933.871	9.469
3947.963	9.4834
3962.056	9.4971
3977.155	9.5119
3992.254	9.5267
4007.355	9.541
4022.457	9.5551
4036.552	9.5683
4050.646	9.5813
4064.739	9.5941
4078.831	9.6068
4092.924	9.6196
4107.016	9.632
4122.115	9.6453
4137.214	9.6585
4152.313	9.6716
4167.412	9.6844
4181.504	9.6963
4195.597	9.7083
4209.689	9.7199
4223.782	9.7315
4237.874	9.743
4251.966	9.7545
4266.059	9.7657
4281.158	9.7778
4296.257	9.7898
4311.356	9.8015
4326.455	9.8132
4340.547	9.8242
4354.64	9.8349
4368.732	9.8455
4382.824	9.8561
4396.917	9.8667
4411.009	9.8771
4426.108	9.8881
4441.207	9.8992
4456.308	9.9101
4471.41	9.9209
4485.505	9.9309
4499.6	9.941
4513.692	9.9508
4527.785	9.9607
4541.877	9.9705
4555.97	9.9802
4570.062	9.9898
4585.161	10
4600.26	10.0103
4615.359	10.0204
4630.458	10.0305
4644.55	10.0399
4658.643	10.0492
4672.735	10.0584
4686.828	10.0676
4700.92	10.0768
4714.873	10.0858
4728.826	10.0947
4742.779	10.1037
4756.731	10.1127
4770.685	10.1216
4784.637	10.1306
4798.59	10.1396
4812.653	10.1486
4826.745	10.1577
4840.837	10.1668
4854.93	10.1758
4869.022	10.1844
4884.121	10.1937
4899.22	10.203
4914.322	10.2116
4929.424	10.22
4943.519	10.2279
4957.613	10.2353
4971.706	10.2419
4985.798	10.2485
4999.89	10.2551
5013.982	10.2605
5028.075	10.2655
5043.174	10.2709
5058.273	10.2756
5073.372	10.2789
5088.471	10.2821
5102.563	10.2852
5116.552	10.2863
5130.532	10.2873
5144.513	10.2884
5153.5	10.289
5153.5	11.0427
5167.53	11.047
5181.561	11.0514
5195.591	11.0557
5209.582	11.0598
5223.502	11.0635
5238.417	11.0674
5253.332	11.0713
5268.249	11.0752
5283.167	11.079
5298.084	11.0829
5313	11.0868
5327.915	11.0907
5341.835	11.0944
5355.756	11.098
5369.676	11.103
5383.597	11.108
5397.517	11.113
5412.432	11.1181
5427.346	11.1225
5442.261	11.1269
5457.176	11.1313
5472.093	11.1355
5487.011	11.1396
5501.928	11.1438
5515.85	11.1475
5529.771	11.1512
5543.691	11.1548
5557.611	11.1585
5571.532	11.1619
5586.446	11.1656
5601.361	11.1693
5616.276	11.1729
5631.19	11.1763
5646.105	11.1798
5661.02	11.1832
5675.938	11.1864
5689.861	11.1894
5703.784	11.1924
5717.765	11.1952
5731.823	11.1979
5745.881	11.2006
5759.939	11.2033
5773.998	11.2059
5788.056	11.2086
5803.119	11.2115
5818.131	11.2142
5833.046	11.2167
5847.961	11.2192
5861.881	11.2216
5875.804	11.2237
5889.727	11.2258
5903.65	11.2279
5917.573	11.2299
5932.488	11.2319
5947.402	11.234
5962.317	11.236
5977.232	11.2378
5992.146	11.2396
6007.061	11.2413
6021.976	11.243
6035.896	11.2445
6049.817	11.2459
6063.737	11.2474
6077.66	11.2486
6091.583	11.2499
6105.506	11.2511
6120.423	11.2523
6135.338	11.2534
6150.252	11.2544
6165.167	11.2555
6180.082	11.2564
6194.997	11.2572
6208.917	11.258
6222.837	11.2588
6236.758	11.2593
6250.678	11.2599
6264.599	11.2604
6278.521	11.2608
6293.438	11.2612
6308.356	11.2615
6323.273	11.2618
6338.188	11.2619
6353.103	11.2621
6368.017	11.2622

