AK135-15-SKS
449
0	3.46
15	3.46
20	3.46
20	3.85
35	3.85
35	4.48
49.826	4.4835
63.663	4.4867
77.5	4.49
92.326	4.4935
107.151	4.497
122	4.5004
137	4.5034
152	4.5064
167	4.5094
182	4.5124
197	4.5154
210	4.518
210	4.523
225	4.5488
240	4.5746
255	4.6004
270	4.6264
285	4.6525
300	4.6786
315	4.7047
330	4.7308
345	4.7569
360	4.783
375	4.8091
390	4.8352
405	4.8613
410	4.87
410	5.08
425	5.1118
440	5.1436
455	5.1754
470	5.2072
485	5.239
500	5.2708
515	5.3026
530	5.3344
545	5.3662
560	5.398
575	5.4298
590	5.4616
605	5.4934
620	5.5252
635	5.557
650	5.5888
660	5.61
660	5.96
675	5.9989
690	6.0378
705	6.0767
720	6.1137
735	6.1496
750	6.1855
764.95	6.2128
778.81	6.2221
792.67	6.2313
806.53	6.2406
821.38	6.2515
836.23	6.2627
851.08	6.2738
865.93	6.2849
879.79	6.295
893.65	6.3051
907.51	6.3153
922.36	6.3259
937.21	6.3364
952.06	6.347
966.91	6.3574
980.77	6.3669
994.63	6.3765
1009.48	6.3867
1024.33	6.3967
1039.18	6.4067
1054.03	6.4167
1068.88	6.4265
1082.74	6.4355
1096.6	6.4445
1111.45	6.4542
1126.3	6.4637
1141.15	6.4733
1156	6.4828
1170.85	6.4921
1184.71	6.5008
1198.57	6.5095
1213.42	6.5186
1228.27	6.5276
1243.12	6.5367
1257.97	6.5456
1271.83	6.5537
1285.69	6.5618
1299.55	6.5698
1314.4	6.5783
1329.25	6.5868
1344.1	6.5952
1358.95	6.6036
1372.81	6.6113
1386.67	6.6191
1400.53	6.6268
1415.38	6.635
1430.23	6.6431
1445.08	6.6512
1459.93	6.6591
1473.79	6.6664
1487.65	6.6737
1501.51	6.681
1516.36	6.6887
1531.21	6.6965
1546.06	6.7042
1560.91	6.7119
1574.77	6.7189
1588.63	6.726
1603.48	6.7336
1618.33	6.741
1633.18	6.7484
1648.03	6.7558
1662.88	6.7631
1676.74	6.7699
1690.6	6.7767
1705.45	6.7839
1720.3	6.791
1735.15	6.7981
1750	6.8052
1764.85	6.8122
1778.71	6.8188
1792.57	6.8253
1807.42	6.8323
1822.27	6.8391
1837.12	6.846
1851.97	6.8529
1865.83	6.8592
1879.69	6.8656
1893.55	6.8719
1908.4	6.8788
1923.25	6.8857
1938.1	6.8926
1952.95	6.8994
1966.81	6.9056
1980.67	6.9119
1994.53	6.9181
2009.38	6.9248
2024.23	6.9315
2039.08	6.9382
2053.93	6.9447
2067.79	6.9506
2081.65	6.9564
2095.51	6.9623
2110.36	6.9691
2125.21	6.9759
2140.06	6.9828
2154.91	6.9892
2168.77	6.9951
2182.63	7.0009
2197.48	7.0072
2212.33	7.0137
2227.18	7.0203
2242.03	7.0268
2256.88	7.0334
2270.74	7.0395
2284.6	7.0456
2299.45	7.0522
2314.3	7.0588
2329.15	7.0654
2344	7.072
2358.85	7.0783
2372.71	7.0842
2386.57	7.0901
2401.42	7.0965
2416.27	7.1029
2431.12	7.1093
2445.97	7.1157
2459.83	7.122
2473.69	7.1283
2487.55	7.1347
2502.4	7.1412
2517.25	7.1477
2532.1	7.1543
2546.95	7.1608
2560.81	7.167
2574.67	7.1732
2588.53	7.1794
2603.377	7.1862
2618.225	7.193
2633.072	7.1999
2648	7.2067
2663	7.2135
2678	7.2204
2693	7.2272
2708	7.2342
2723	7.2411
2738	7.2481
2740	7.249
2754.901	7.2522
2768.809	7.2552
2782.716	7.2582
2796.622	7.2612
2810.527	7.2642
2825.425	7.2674
2840.333	7.2706
2855.382	7.2737
2870.431	7.2768
2885.48	7.2799
2891.5	7.2811
2906.447	0
2921.394	0
2936.341	0
2951.409	0
2965.502	0
2979.594	0
2993.686	0
3007.779	0
3021.871	0
3035.964	0
3050.056	0
3065.155	0
3080.254	0
3095.354	0
3110.456	0
3124.551	0
3138.646	0
3152.739	0
3166.832	0
3180.924	0
3195.016	0
3210.115	0
3225.214	0
3240.313	0
3255.412	0
3269.505	0
3283.597	0
3297.69	0
3311.782	0
3325.875	0
3339.967	0
3354.059	0
3369.158	0
3384.257	0
3399.356	0
3414.455	0
3428.548	0
3442.64	0
3456.732	0
3470.825	0
3484.917	0
3499.01	0
3514.109	0
3529.208	0
3544.307	0
3559.409	0
3573.504	0
3587.599	0
3601.693	0
3615.785	0
3629.878	0
3643.97	0
3658.062	0
3673.161	0
3688.26	0
3703.359	0
3718.458	0
3732.551	0
3746.643	0
3760.736	0
3774.828	0
3788.92	0
3803.013	0
3818.112	0
3833.211	0
3848.31	0
3863.409	0
3877.501	0
3891.594	0
3905.686	0
3919.778	0
3933.871	0
3947.963	0
3962.056	0
3977.155	0
3992.254	0
4007.355	0
4022.457	0
4036.552	0
4050.646	0
4064.739	0
4078.831	0
4092.924	0
4107.016	0
4122.115	0
4137.214	0
4152.313	0
4167.412	0
4181.504	0
4195.597	0
4209.689	0
4223.782	0
4237.874	0
4251.966	0
4266.059	0
4281.158	0
4296.257	0
4311.356	0
4326.455	0
4340.547	0
4354.64	0
4368.732	0
4382.824	0
4396.917	0
4411.009	0
4426.108	0
4441.207	0
4456.308	0
4471.41	0
4485.505	0
4499.6	0
4513.692	0
4527.785	0
4541.877	0
4555.97	0
4570.062	0
4585.161	0
4600.26	0
4615.359	0
4630.458	0
4644.55	0
4658.643	0
4672.735	0
4686.828	0
4700.92	0
4714.873	0
4728.826	0
4742.779	0
4756.731	0
4770.685	0
4784.637	0
4798.59	0
4812.653	0
4826.745	0
4840.837	0
4854.93	0
4869.022	0
4884.121	0
4899.22	0
4914.322	0
4929.424	0
4943.519	0
4957.613	0
4971.706	0
4985.798	0
4999.89	0
5013.982	0
5028.075	0
5043.174	0
5058.273	0
5073.372	0
5088.471	0
5102.563	0
5116.552	0
5130.532	0
5144.513	0
5153.5	0
5153.5	3.5043
5167.53	3.5083
5181.561	3.5122
5195.591	3.5162
5209.582	3.5199
5223.502	3.5234
5238.417	3.5272
5253.332	3.5309
5268.249	3.5345
5283.167	3.538
5298.084	3.5416
5313	3.5451
5327.915	3.5485
5341.835	3.5517
5355.756	3.5549
5369.676	3.5579
5383.597	3.5609
5397.517	3.5639
5412.432	3.5671
5427.346	3.5702
5442.261	3.5732
5457.176	3.5763
5472.093	3.5792
5487.011	3.5821
5501.928	3.585
5515.85	3.5877
5529.771	3.5902
5543.691	3.5928
5557.611	3.5953
5571.532	3.5977
5586.446	3.6003
5601.361	3.6029
5616.276	3.6054
5631.19	3.6078
5646.105	3.6102
5661.02	3.6126
5675.938	3.6148
5689.861	3.6169
5703.784	3.619
5717.765	3.621
5731.823	3.6229
5745.881	3.6247
5759.939	3.6266
5773.998	3.6285
5788.056	3.6304
5803.119	3.6324
5818.131	3.6343
5833.046	3.636
5847.961	3.6377
5861.881	3.6394
5875.804	3.6409
5889.727	3.6424
5903.65	3.6438
5917.573	3.6453
5932.488	3.6467
5947.402	3.6481
5962.317	3.6495
5977.232	3.6508
5992.146	3.652
6007.061	3.6533
6021.976	3.6544
6035.896	3.6555
6049.817	3.6565
6063.737	3.6575
6077.66	3.6584
6091.583	3.6592
6105.506	3.6601
6120.423	3.6609
6135.338	3.6617
6150.252	3.6624
6165.167	3.6632
6180.082	3.6638
6194.997	3.6644
6208.917	3.6649
6222.837	3.6654
6236.758	3.6658
6250.678	3.6662
6264.599	3.6666
6278.521	3.6668
6293.438	3.6671
6308.356	3.6673
6323.273	3.6675
6338.188	3.6676
6353.103	3.6677
6368.017	3.6678

