   3000.00 3000.00 3000.00
   2400.00 2400.00 2400.00
   2100.00 2100.00 2100.00
   4100.00 4100.00 4100.00
   3000.00 3000.00 3000.00
   2700.00 2700.00 2700.00
   3300.00 3300.00 3300.00
   6000.00 6000.00 6000.00
   24000.00 24000.00 24000.00
   2800.00 2800.00 2800.00
   3500.00 3500.00 3500.00
   6500.00 6500.00 6500.00
   10.00 1002.84 1500.40
   34.55 36.65 42.26
   3317.85 3430.83 3596.42
   4532.73 4673.65 4781.91
   8084.86 8359.07 8745.78
   0.00 818.18 3000.00
   -324.67 -26.07 760.26
   -118.03 11.29 62.74
   -66.84 -9.29 119.83
   -21.55 -4.03 34.83
   -2.60 0.12 1.45
   -9.25 0.54 4.59
   -4.88 -0.66 9.91
   -225.39 20.58 112.66
   2902.91 3721.42 4363.50
