   3000.00 3000.00 3000.00
   2400.00 2400.00 2400.00
   2100.00 2100.00 2100.00
   4100.00 4100.00 4100.00
   3000.00 3000.00 3000.00
   2700.00 2700.00 2700.00
   3300.00 3300.00 3300.00
   6000.00 6000.00 6000.00
   24000.00 24000.00 24000.00
   2800.00 2800.00 2800.00
   3500.00 3500.00 3500.00
   6500.00 6500.00 6500.00
   10.00 1002.84 1500.40
   34.55 36.65 42.26
   3333.89 3431.23 3596.63
   4504.29 4647.40 4748.23
   8073.90 8341.01 8723.68
   0.00 818.18 3000.00
   -256.72 -27.46 583.89
   -110.60 10.57 58.28
   -68.05 -10.01 124.20
   -22.55 -4.23 36.05
   -2.39 0.12 1.28
   -8.07 0.49 3.98
   -4.28 -0.61 8.72
   -225.39 20.58 112.66
   2902.90 3708.93 4342.37
