   15.309375866769347       -7.0783811417936202E-002   7.1253513691567530E-002  -5.0462116845964147E-002  -3.3841261158370092E-002 -0.43162371710936959        7.3202339465930868E-002  0.81379413018353319      -0.43062583255640069       -18.481656492037043       -11.124037191541980       -37.248413930968297        5.0312911374420538E-002   2.1202105795155579E-002  -7.0987650932001767E-003   1.4660864996694688E-002  -5.4024288021791494E-003   1.3848557178642430E-002 -0.31504218013490864        3.0466471940708684      -0.40645649782045085     
   0.0000000000000000       0.52636431265127881       0.16475594247403980       -1.7445266547662892       0.42060484347070187       -2.9228194830143210E-002   3.3435761237297017E-002 -0.19112599778283473      -0.12846736376129794        10.325025353634503        24.550094259631145       -15.572610923356937       -2.4662095607097961E-002  -1.4841247333992724E-002  -5.7469218599930519E-003  -4.0855895718875150E-002  -3.3880160785506701E-002   2.0955691406909477E-002   9.8772550789963231E-003  -2.1249740079914230       -1.8474015592297635     
   0.0000000000000000        0.0000000000000000       0.66027677081677361       -6.2431427830247797E-003  0.15839923637784944       -3.1739256061659150E-002   4.2685323462394391E-002   5.5006137109799604E-002   9.1364960914256336E-003  -4.1065016521558890       -2.1720119986546704        2.2536158865711555       -1.5703943039047871E-002   2.6459861692386096E-003  -1.1079856120056212E-002  -9.1966508414787016E-003  -4.7314410643182082E-003  -9.0193270271398118E-003   4.2522704346756958E-002  0.12123711534339437      -0.27835433550302335     
   0.0000000000000000        0.0000000000000000        0.0000000000000000        1.3810982710305935        7.1556060093745877E-002   3.3135664816193746E-003  -7.9838360034873400E-003  0.12718673236566511        4.3801241306331271E-002   5.8095532863442134       -6.2437405427760915        7.5384379520043669       -2.1069948458206048E-002  -3.2444819792253801E-003   8.3231837021895464E-004   5.1290684257100138E-003  -9.1168206603064045E-003  -9.1525885807812869E-004   5.0150494866276617E-002 -0.35104947783312207      -0.54036249784779922     
   0.0000000000000000        0.0000000000000000        0.0000000000000000        0.0000000000000000       0.51233606558974998       -1.9605792465030133E-002   3.9514344428231173E-002   2.0922869325566136E-003  -3.4573914401244243E-002  -5.5669344675620716        2.5779295224586161       -1.2495321109370379        3.1016927897759127E-003   8.5247136245078931E-003   7.0040287858065455E-004  -3.9882310131501359E-004   4.7960350491335398E-003   1.2053883890470098E-003  -1.5608730632320945E-002  -9.3146904191768656E-003   4.9036698061642237E-002
   0.0000000000000000        0.0000000000000000        0.0000000000000000        0.0000000000000000        0.0000000000000000       0.36058053850962757       -5.9308472924367917E-002 -0.67088208513163516       0.35568048472188174       -8.6482771638028186       -2.4794534318273520        26.858832152472722       -6.2859955333199685E-002  -2.5283612127894955E-003  -1.8957608139047732E-002  -3.6554056875349877E-002  -1.2307684129921751E-002   7.6830290608927831E-003  0.25305631415250629       -1.8211142335710542       0.11336580995177274     
   0.0000000000000000        0.0000000000000000        0.0000000000000000        0.0000000000000000        0.0000000000000000        0.0000000000000000       0.50349046072396686       0.19919238329020256      -0.12374747519349343       -7.6154038302330962        2.3827231969466487        1.2999460882119678        4.9691663893004267E-003   4.9114613187690509E-003  -1.2681871679109625E-002  -9.0158167190273353E-003   1.1641810024094455E-002   3.5351098220459893E-004  -4.9112905051742397E-003  -7.1977005764464100E-002  0.10042798932592784     
   0.0000000000000000        0.0000000000000000        0.0000000000000000        0.0000000000000000        0.0000000000000000        0.0000000000000000        0.0000000000000000        1.3473042222248370        5.0738789389580055E-002  -2.6835217511367220      -0.46569604985760432      -0.38470864795792009       -1.1868045127535254E-002   9.2613576798482814E-003  -2.0239522995488729E-002  -8.5728660924237266E-004  -5.3198094263071285E-003  -7.3293628542066966E-003   1.1685168377067495E-002 -0.12384797483961660      -0.31643125778520559     
   0.0000000000000000        0.0000000000000000        0.0000000000000000        0.0000000000000000        0.0000000000000000        0.0000000000000000        0.0000000000000000        0.0000000000000000       0.48810053953710653        4.2226902916242190       -4.4471843869052030       -3.9318130141957379       -1.0824018827182178E-002  -2.8698739928106779E-004   4.5701838060586194E-003   6.4004337373512006E-003  -9.7357754760610902E-003  -9.1999759764475730E-003   1.8483404424520643E-002   8.7919901858381999E-002   4.7525291688634300E-002
   0.0000000000000000        0.0000000000000000        0.0000000000000000        0.0000000000000000        0.0000000000000000        0.0000000000000000        0.0000000000000000        0.0000000000000000        0.0000000000000000        50.547253423510227       -5.7336969933900193       -4.8034753341783762       -5.7590611694182267E-002  -2.1628241658224134E-002   4.1645855125015847E-002   6.8551633107047927E-002  -2.1533112616146578E-002   3.8771754142792017E-004 -0.13021670626491269       0.69119844544153808      -0.30187405141395657     
   0.0000000000000000        0.0000000000000000        0.0000000000000000        0.0000000000000000        0.0000000000000000        0.0000000000000000        0.0000000000000000        0.0000000000000000        0.0000000000000000        0.0000000000000000        39.017855728806950       -13.851479895271329        8.1020334881503359E-003   2.5473157220399236E-003  -1.3916048015153544E-003  -8.4283615884923977E-003   1.4275240904034554E-002   1.1301026225448017E-002 -0.19931231264523000      -0.13914029662440133       0.27528789475889587     
   0.0000000000000000        0.0000000000000000        0.0000000000000000        0.0000000000000000        0.0000000000000000        0.0000000000000000        0.0000000000000000        0.0000000000000000        0.0000000000000000        0.0000000000000000        0.0000000000000000        39.141388980875902       -6.2890897630771506E-002   4.8055123498288332E-004  -1.0820903932142200E-002  -1.6755116960754851E-002  -1.4163993539591997E-003  -1.0534525682676007E-002  0.23347125880829236       -1.3449461296395835       -1.6765946977774118     
   0.0000000000000000        0.0000000000000000        0.0000000000000000        0.0000000000000000        0.0000000000000000        0.0000000000000000        0.0000000000000000        0.0000000000000000        0.0000000000000000        0.0000000000000000        0.0000000000000000        0.0000000000000000       0.17964634061020654       -9.1815476720870162E-003   9.9805791152645148E-003  -4.3804750198702209E-003   1.3596098037831038E-002   5.3622116184860241E-003  -2.5308055119419706E-002  0.43488493219186874       0.74760862738585276     
   0.0000000000000000        0.0000000000000000        0.0000000000000000        0.0000000000000000        0.0000000000000000        0.0000000000000000        0.0000000000000000        0.0000000000000000        0.0000000000000000        0.0000000000000000        0.0000000000000000        0.0000000000000000        0.0000000000000000        6.3965936693643699E-002  -2.5758359184681098E-002  -1.3863514837579164E-002  -4.7111056385262902E-003  -5.8732334578384280E-003   2.5749435058683389E-002   7.5332083607325462E-002 -0.30908920502578247     
   0.0000000000000000        0.0000000000000000        0.0000000000000000        0.0000000000000000        0.0000000000000000        0.0000000000000000        0.0000000000000000        0.0000000000000000        0.0000000000000000        0.0000000000000000        0.0000000000000000        0.0000000000000000        0.0000000000000000        0.0000000000000000        8.4073756805370409E-002   2.5626385199246961E-002   1.8284320476375671E-003   1.2869499352150914E-002  -3.3596667893799725E-002  0.34613934543299346       0.45622959091373771     
   0.0000000000000000        0.0000000000000000        0.0000000000000000        0.0000000000000000        0.0000000000000000        0.0000000000000000        0.0000000000000000        0.0000000000000000        0.0000000000000000        0.0000000000000000        0.0000000000000000        0.0000000000000000        0.0000000000000000        0.0000000000000000        0.0000000000000000        9.8219727877059904E-002   7.5593372409200139E-004   1.9501803666313971E-002  -7.8903084336940169E-002  0.58904703664215630       0.85538875123455294     
   0.0000000000000000        0.0000000000000000        0.0000000000000000        0.0000000000000000        0.0000000000000000        0.0000000000000000        0.0000000000000000        0.0000000000000000        0.0000000000000000        0.0000000000000000        0.0000000000000000        0.0000000000000000        0.0000000000000000        0.0000000000000000        0.0000000000000000        0.0000000000000000        4.8786500245248915E-002  -4.5122438361497015E-003  -4.6677496526907100E-002   1.6511262723439082E-002  -5.9905720417069590E-002
   0.0000000000000000        0.0000000000000000        0.0000000000000000        0.0000000000000000        0.0000000000000000        0.0000000000000000        0.0000000000000000        0.0000000000000000        0.0000000000000000        0.0000000000000000        0.0000000000000000        0.0000000000000000        0.0000000000000000        0.0000000000000000        0.0000000000000000        0.0000000000000000        0.0000000000000000        5.7927749331915877E-002   6.4518361506622215E-004 -0.62108389057412816       0.15147978740493331     
   0.0000000000000000        0.0000000000000000        0.0000000000000000        0.0000000000000000        0.0000000000000000        0.0000000000000000        0.0000000000000000        0.0000000000000000        0.0000000000000000        0.0000000000000000        0.0000000000000000        0.0000000000000000        0.0000000000000000        0.0000000000000000        0.0000000000000000        0.0000000000000000        0.0000000000000000        0.0000000000000000       0.19936683451477058      -0.25419244693984344      -0.28415973581169607     
   0.0000000000000000        0.0000000000000000        0.0000000000000000        0.0000000000000000        0.0000000000000000        0.0000000000000000        0.0000000000000000        0.0000000000000000        0.0000000000000000        0.0000000000000000        0.0000000000000000        0.0000000000000000        0.0000000000000000        0.0000000000000000        0.0000000000000000        0.0000000000000000        0.0000000000000000        0.0000000000000000        0.0000000000000000        1.3902370488148807       0.25592095298810263     
   0.0000000000000000        0.0000000000000000        0.0000000000000000        0.0000000000000000        0.0000000000000000        0.0000000000000000        0.0000000000000000        0.0000000000000000        0.0000000000000000        0.0000000000000000        0.0000000000000000        0.0000000000000000        0.0000000000000000        0.0000000000000000        0.0000000000000000        0.0000000000000000        0.0000000000000000        0.0000000000000000        0.0000000000000000        0.0000000000000000        1.5557399840795565     
